{
  "focal_len": 1300.0,
  "cx": 225.0,
  "cy": 225.0,
  "frames": [
    {
      "img_id": 0,
      "aud_id": 0,
      "transform_matrix": [
        [
          0.9932607412338257,
          -0.029446803033351898,
          -0.11209750175476074,
          -0.10536087304353714
        ],
        [
          0.026545904576778412,
          0.9992751479148865,
          -0.02728385478258133,
          -0.017988160252571106
        ],
        [
          0.11281967163085938,
          0.024124253541231155,
          0.9933225512504578,
          0.911617636680603
        ],
        [
          0.0,
          0.0,
          0.0,
          1.0
        ]
      ],
      "face_rect": [
        71,
        0,
        294,
        390
      ]
    },
    {
      "img_id": 1,
      "aud_id": 1,
      "transform_matrix": [
        [
          0.9910854697227478,
          -0.027953695505857468,
          -0.13026201725006104,
          -0.12474589049816132
        ],
        [
          0.024258535355329514,
          0.9992594718933105,
          -0.02986835315823555,
          -0.02208791673183441
        ],
        [
          0.13100047409534454,
          0.02644212357699871,
          0.9910295605659485,
          0.9090214371681213
        ],
        [
          0.0,
          0.0,
          0.0,
          1.0
        ]
      ],
      "face_rect": [
        74,
        0,
        294,
        400
      ]
    },
    {
      "img_id": 2,
      "aud_id": 2,
      "transform_matrix": [
        [
          0.9889840483665466,
          -0.024674750864505768,
          -0.14595094323158264,
          -0.14187340438365936
        ],
        [
          0.019645337015390396,
          0.9991658329963684,
          -0.03580135852098465,
          -0.029414786025881767
        ],
        [
          0.14671258628368378,
          0.032539717853069305,
          0.9886437654495239,
          0.90626060962677
        ],
        [
          0.0,
          0.0,
          0.0,
          1.0
        ]
      ],
      "face_rect": [
        73,
        0,
        300,
        380
      ]
    },
    {
      "img_id": 3,
      "aud_id": 3,
      "transform_matrix": [
        [
          0.9872585535049438,
          -0.03316424414515495,
          -0.15563009679317474,
          -0.15214458107948303
        ],
        [
          0.024640154093503952,
          0.998104989528656,
          -0.05638496205210686,
          -0.05006459355354309
        ],
        [
          0.15720513463020325,
          0.05183178558945656,
          0.9862049221992493,
          0.9029156565666199
        ],
        [
          0.0,
          0.0,
          0.0,
          1.0
        ]
      ],
      "face_rect": [
        74,
        0,
        302,
        380
      ]
    },
    {
      "img_id": 4,
      "aud_id": 4,
      "transform_matrix": [
        [
          0.9872023463249207,
          -0.04156456142663956,
          -0.15396036207675934,
          -0.15103939175605774
        ],
        [
          0.0312543660402298,
          0.9971412420272827,
          -0.06879273802042007,
          -0.06227944418787956
        ],
        [
          0.1563795804977417,
          0.0631004199385643,
          0.9856793284416199,
          0.9019289612770081
        ],
        [
          0.0,
          0.0,
          0.0,
          1.0
        ]
      ],
      "face_rect": [
        73,
        0,
        306,
        384
      ]
    },
    {
      "img_id": 5,
      "aud_id": 5,
      "transform_matrix": [
        [
          0.9887125492095947,
          -0.04595665633678436,
          -0.14260247349739075,
          -0.1404334455728531
        ],
        [
          0.03591444715857506,
          0.9967423677444458,
          -0.07221390306949615,
          -0.06513363122940063
        ],
        [
          0.14545664191246033,
          0.06627730280160904,
          0.9871422052383423,
          0.903221607208252
        ],
        [
          0.0,
          0.0,
          0.0,
          1.0
        ]
      ],
      "face_rect": [
        78,
        0,
        300,
        386
      ]
    },
    {
      "img_id": 6,
      "aud_id": 6,
      "transform_matrix": [
        [
          0.9905067086219788,
          -0.04783282428979874,
          -0.128873810172081,
          -0.12738166749477386
        ],
        [
          0.03970988467335701,
          0.997102677822113,
          -0.06487996131181717,
          -0.05755322426557541
        ],
        [
          0.13160382211208344,
          0.059146471321582794,
          0.9895362854003906,
          0.9060550928115845
        ],
        [
          0.0,
          0.0,
          0.0,
          1.0
        ]
      ],
      "face_rect": [
        77,
        0,
        300,
        384
      ]
    },
    {
      "img_id": 7,
      "aud_id": 7,
      "transform_matrix": [
        [
          0.99163818359375,
          -0.04604334011673927,
          -0.12055587768554688,
          -0.11971352249383926
        ],
        [
          0.0404670350253582,
          0.9980126619338989,
          -0.048302728682756424,
          -0.04099355638027191
        ],
        [
          0.12254030257463455,
          0.04302028939127922,
          0.99153071641922,
          0.9086266160011292
        ],
        [
          0.0,
          0.0,
          0.0,
          1.0
        ]
      ],
      "face_rect": [
        77,
        0,
        296,
        378
      ]
    },
    {
      "img_id": 8,
      "aud_id": 8,
      "transform_matrix": [
        [
          0.9914696216583252,
          -0.04270133376121521,
          -0.12314453721046448,
          -0.12335170805454254
        ],
        [
          0.03797281160950661,
          0.9984580278396606,
          -0.040493834763765335,
          -0.03271103650331497
        ],
        [
          0.12468378245830536,
          0.035472262650728226,
          0.9915622472763062,
          0.9084306359291077
        ],
        [
          0.0,
          0.0,
          0.0,
          1.0
        ]
      ],
      "face_rect": [
        82,
        0,
        296,
        394
      ]
    },
    {
      "img_id": 9,
      "aud_id": 9,
      "transform_matrix": [
        [
          0.9901324510574341,
          -0.03986964747309685,
          -0.1343434751033783,
          -0.13571427762508392
        ],
        [
          0.03666654974222183,
          0.9989832043647766,
          -0.026234008371829987,
          -0.019205790013074875
        ],
        [
          0.13525280356407166,
          0.02104923315346241,
          0.9905875325202942,
          0.9075063467025757
        ],
        [
          0.0,
          0.0,
          0.0,
          1.0
        ]
      ],
      "face_rect": [
        84,
        0,
        296,
        394
      ]
    },
    {
      "img_id": 10,
      "aud_id": 10,
      "transform_matrix": [
        [
          0.9884587526321411,
          -0.03995916619896889,
          -0.14612488448619843,
          -0.1482168734073639
        ],
        [
          0.03736446052789688,
          0.999092161655426,
          -0.02045963518321514,
          -0.013742484152317047
        ],
        [
          0.14680980145931244,
          0.014763628132641315,
          0.9890545010566711,
          0.9053539633750916
        ],
        [
          0.0,
          0.0,
          0.0,
          1.0
        ]
      ],
      "face_rect": [
        81,
        0,
        300,
        380
      ]
    },
    {
      "img_id": 11,
      "aud_id": 11,
      "transform_matrix": [
        [
          0.9870718121528625,
          -0.04127037897706032,
          -0.15487408638000488,
          -0.1573246419429779
        ],
        [
          0.04067738726735115,
          0.9991478323936462,
          -0.00699734129011631,
          -0.0010296734981238842
        ],
        [
          0.15503089129924774,
          0.000607005029451102,
          0.9879094362258911,
          0.9037843346595764
        ],
        [
          0.0,
          0.0,
          0.0,
          1.0
        ]
      ],
      "face_rect": [
        84,
        0,
        296,
        384
      ]
    },
    {
      "img_id": 12,
      "aud_id": 12,
      "transform_matrix": [
        [
          0.985880434513092,
          -0.05169923976063728,
          -0.15927007794380188,
          -0.16088831424713135
        ],
        [
          0.054120250046253204,
          0.9984749555587769,
          0.010897844098508358,
          0.016736824065446854
        ],
        [
          0.15846377611160278,
          -0.019363708794116974,
          0.9871748685836792,
          0.9020899534225464
        ],
        [
          0.0,
          0.0,
          0.0,
          1.0
        ]
      ],
      "face_rect": [
        80,
        0,
        302,
        386
      ]
    },
    {
      "img_id": 13,
      "aud_id": 13,
      "transform_matrix": [
        [
          0.9855411648750305,
          -0.06395095586776733,
          -0.1569037288427353,
          -0.15773342549800873
        ],
        [
          0.07034900039434433,
          0.9968882203102112,
          0.03556244820356369,
          0.04198252782225609
        ],
        [
          0.15414124727249146,
          -0.046086277812719345,
          0.9869733452796936,
          0.9007538557052612
        ],
        [
          0.0,
          0.0,
          0.0,
          1.0
        ]
      ],
      "face_rect": [
        84,
        0,
        296,
        404
      ]
    },
    {
      "img_id": 14,
      "aud_id": 14,
      "transform_matrix": [
        [
          0.9856856465339661,
          -0.07225248217582703,
          -0.15232624113559723,
          -0.15313637256622314
        ],
        [
          0.08268672227859497,
          0.9945626854896545,
          0.06330819427967072,
          0.07076258957386017
        ],
        [
          0.14692382514476776,
          -0.07499733567237854,
          0.986300528049469,
          0.8986176252365112
        ],
        [
          0.0,
          0.0,
          0.0,
          1.0
        ]
      ],
      "face_rect": [
        84,
        12,
        296,
        386
      ]
    },
    {
      "img_id": 15,
      "aud_id": 15,
      "transform_matrix": [
        [
          0.9856635332107544,
          -0.07769525051116943,
          -0.14976954460144043,
          -0.1506163775920868
        ],
        [
          0.09252126514911652,
          0.991196870803833,
          0.09470246732234955,
          0.10244195908308029
        ],
        [
          0.1410931795835495,
          -0.10720162838697433,
          0.9841750264167786,
          0.8946570158004761
        ],
        [
          0.0,
          0.0,
          0.0,
          1.0
        ]
      ],
      "face_rect": [
        84,
        22,
        296,
        378
      ]
    },
    {
      "img_id": 16,
      "aud_id": 16,
      "transform_matrix": [
        [
          0.9851940274238586,
          -0.07826052606105804,
          -0.15253828465938568,
          -0.15339405834674835
        ],
        [
          0.0983162671327591,
          0.986796498298645,
          0.1287112832069397,
          0.13561120629310608
        ],
        [
          0.14045123755931854,
          -0.1418025940656662,
          0.9798802733421326,
          0.8886973857879639
        ],
        [
          0.0,
          0.0,
          0.0,
          1.0
        ]
      ],
      "face_rect": [
        86,
        27,
        294,
        378
      ]
    },
    {
      "img_id": 17,
      "aud_id": 17,
      "transform_matrix": [
        [
          0.9856460690498352,
          -0.07554427534341812,
          -0.15097995102405548,
          -0.15150927007198334
        ],
        [
          0.09948576986789703,
          0.982429563999176,
          0.15790724754333496,
          0.16390451788902283
        ],
        [
          0.13639818131923676,
          -0.17066101729869843,
          0.9758434295654297,
          0.8830695748329163
        ],
        [
          0.0,
          0.0,
          0.0,
          1.0
        ]
      ],
      "face_rect": [
        86,
        37,
        294,
        370
      ]
    },
    {
      "img_id": 18,
      "aud_id": 18,
      "transform_matrix": [
        [
          0.987114429473877,
          -0.07295907288789749,
          -0.14241492748260498,
          -0.14251820743083954
        ],
        [
          0.09853952378034592,
          0.9783905744552612,
          0.18177393078804016,
          0.18663471937179565
        ],
        [
          0.1260753571987152,
          -0.1934651881456375,
          0.9729728698730469,
          0.8799294829368591
        ],
        [
          0.0,
          0.0,
          0.0,
          1.0
        ]
      ],
      "face_rect": [
        84,
        39,
        294,
        370
      ]
    },
    {
      "img_id": 19,
      "aud_id": 19,
      "transform_matrix": [
        [
          0.9887930154800415,
          -0.07007856667041779,
          -0.13182295858860016,
          -0.131569504737854
        ],
        [
          0.09512642025947571,
          0.9762712717056274,
          0.19453856348991394,
          0.19906461238861084
        ],
        [
          0.11506199836730957,
          -0.20489823818206787,
          0.9719966053962708,
          0.8789874315261841
        ],
        [
          0.0,
          0.0,
          0.0,
          1.0
        ]
      ],
      "face_rect": [
        85,
        47,
        290,
        360
      ]
    },
    {
      "img_id": 20,
      "aud_id": 20,
      "transform_matrix": [
        [
          0.9905047416687012,
          -0.06571273505687714,
          -0.12075719237327576,
          -0.1203528493642807
        ],
        [
          0.08901229500770569,
          0.9759408235549927,
          0.19903875887393951,
          0.20325736701488495
        ],
        [
          0.10477248579263687,
          -0.20789770781993866,
          0.9725231528282166,
          0.8800176978111267
        ],
        [
          0.0,
          0.0,
          0.0,
          1.0
        ]
      ],
      "face_rect": [
        81,
        37,
        294,
        372
      ]
    },
    {
      "img_id": 21,
      "aud_id": 21,
      "transform_matrix": [
        [
          0.9916272163391113,
          -0.0630316287279129,
          -0.11270492523908615,
          -0.11239948123693466
        ],
        [
          0.08464978635311127,
          0.9763924479484558,
          0.19872623682022095,
          0.20295314490795135
        ],
        [
          0.09751821309328079,
          -0.2066028118133545,
          0.9735530018806458,
          0.8820999264717102
        ],
        [
          0.0,
          0.0,
          0.0,
          1.0
        ]
      ],
      "face_rect": [
        81,
        39,
        294,
        370
      ]
    },
    {
      "img_id": 22,
      "aud_id": 22,
      "transform_matrix": [
        [
          0.9919442534446716,
          -0.0645267590880394,
          -0.10900845378637314,
          -0.10880018770694733
        ],
        [
          0.08482726663351059,
          0.9774660468101501,
          0.19329889118671417,
          0.19781239330768585
        ],
        [
          0.09407911449670792,
          -0.20098862051963806,
          0.9750654697418213,
          0.8846819400787354
        ],
        [
          0.0,
          0.0,
          0.0,
          1.0
        ]
      ],
      "face_rect": [
        81,
        38,
        294,
        370
      ]
    },
    {
      "img_id": 23,
      "aud_id": 23,
      "transform_matrix": [
        [
          0.9924802780151367,
          -0.06366807967424393,
          -0.10454261302947998,
          -0.10456478595733643
        ],
        [
          0.0823250338435173,
          0.9792506098747253,
          0.18517783284187317,
          0.19024913012981415
        ],
        [
          0.09058350324630737,
          -0.19239184260368347,
          0.9771283864974976,
          0.8869913220405579
        ],
        [
          0.0,
          0.0,
          0.0,
          1.0
        ]
      ],
      "face_rect": [
        84,
        38,
        290,
        368
      ]
    },
    {
      "img_id": 24,
      "aud_id": 24,
      "transform_matrix": [
        [
          0.9923844933509827,
          -0.06307348608970642,
          -0.10580475628376007,
          -0.10542429238557816
        ],
        [
          0.0816216990351677,
          0.9800279140472412,
          0.18133707344532013,
          0.18619470298290253
        ],
        [
          0.09225405752658844,
          -0.1885920763015747,
          0.9777126908302307,
          0.8876048922538757
        ],
        [
          0.0,
          0.0,
          0.0,
          1.0
        ]
      ],
      "face_rect": [
        84,
        34,
        288,
        374
      ]
    },
    {
      "img_id": 25,
      "aud_id": 25,
      "transform_matrix": [
        [
          0.992486298084259,
          -0.06108179688453674,
          -0.10601856559515,
          -0.10520946234464645
        ],
        [
          0.07932577282190323,
          0.9809277057647705,
          0.1774492710828781,
          0.18221308290958405
        ],
        [
          0.09315763413906097,
          -0.1845259666442871,
          0.9784026741981506,
          0.8876526355743408
        ],
        [
          0.0,
          0.0,
          0.0,
          1.0
        ]
      ],
      "face_rect": [
        82,
        38,
        294,
        364
      ]
    },
    {
      "img_id": 26,
      "aud_id": 26,
      "transform_matrix": [
        [
          0.9923657178878784,
          -0.0633198469877243,
          -0.1058342456817627,
          -0.10423196107149124
        ],
        [
          0.08135969191789627,
          0.9810344576835632,
          0.1759318858385086,
          0.1801614910364151
        ],
        [
          0.09268705546855927,
          -0.1831994205713272,
          0.9786966443061829,
          0.8868099451065063
        ],
        [
          0.0,
          0.0,
          0.0,
          1.0
        ]
      ],
      "face_rect": [
        80,
        37,
        296,
        364
      ]
    },
    {
      "img_id": 27,
      "aud_id": 27,
      "transform_matrix": [
        [
          0.9927048683166504,
          -0.05947475880384445,
          -0.1048804372549057,
          -0.1028178408741951
        ],
        [
          0.07747670263051987,
          0.9811689257621765,
          0.17693211138248444,
          0.1800561398267746
        ],
        [
          0.09238243103027344,
          -0.1837671399116516,
          0.9786189794540405,
          0.8854773640632629
        ],
        [
          0.0,
          0.0,
          0.0,
          1.0
        ]
      ],
      "face_rect": [
        80,
        35,
        296,
        368
      ]
    },
    {
      "img_id": 28,
      "aud_id": 28,
      "transform_matrix": [
        [
          0.992983877658844,
          -0.055906593799591064,
          -0.10419896245002747,
          -0.10159926116466522
        ],
        [
          0.07314751297235489,
          0.9827627539634705,
          0.1697847545146942,
          0.1728796362876892
        ],
        [
          0.0929107740521431,
          -0.17621541023254395,
          0.9799570441246033,
          0.8853387236595154
        ],
        [
          0.0,
          0.0,
          0.0,
          1.0
        ]
      ],
      "face_rect": [
        75,
        34,
        300,
        368
      ]
    },
    {
      "img_id": 29,
      "aud_id": 29,
      "transform_matrix": [
        [
          0.9932408332824707,
          -0.0536809042096138,
          -0.10291282087564468,
          -0.09985313564538956
        ],
        [
          0.06964516639709473,
          0.9849125742912292,
          0.15841978788375854,
          0.16218818724155426
        ],
        [
          0.0928560122847557,
          -0.1645163744688034,
          0.9819939732551575,
          0.8861740827560425
        ],
        [
          0.0,
          0.0,
          0.0,
          1.0
        ]
      ],
      "face_rect": [
        75,
        35,
        300,
        364
      ]
    },
    {
      "img_id": 30,
      "aud_id": 30,
      "transform_matrix": [
        [
          0.9931476712226868,
          -0.05372622609138489,
          -0.10378473252058029,
          -0.10027459263801575
        ],
        [
          0.0692954882979393,
          0.9858283996582031,
          0.15277601778507233,
          0.15680384635925293
        ],
        [
          0.09410585463047028,
          -0.15892094373703003,
          0.9827961325645447,
          0.8863947987556458
        ],
        [
          0.0,
          0.0,
          0.0,
          1.0
        ]
      ],
      "face_rect": [
        75,
        33,
        300,
        368
      ]
    },
    {
      "img_id": 31,
      "aud_id": 31,
      "transform_matrix": [
        [
          0.9931200742721558,
          -0.05668920651078224,
          -0.10246370732784271,
          -0.09883881360292435
        ],
        [
          0.07153300940990448,
          0.9864636659622192,
          0.14755502343177795,
          0.15210206806659698
        ],
        [
          0.09271194785833359,
          -0.1538693904876709,
          0.9837320446968079,
          0.8867822289466858
        ],
        [
          0.0,
          0.0,
          0.0,
          1.0
        ]
      ],
      "face_rect": [
        75,
        34,
        300,
        364
      ]
    },
    {
      "img_id": 32,
      "aud_id": 32,
      "transform_matrix": [
        [
          0.9931917786598206,
          -0.058839086443185806,
          -0.10053852945566177,
          -0.09693554788827896
        ],
        [
          0.07337236404418945,
          0.986323356628418,
          0.1475898027420044,
          0.1519695222377777
        ],
        [
          0.09047944843769073,
          -0.15396173298358917,
          0.9839254021644592,
          0.8872673511505127
        ],
        [
          0.0,
          0.0,
          0.0,
          1.0
        ]
      ],
      "face_rect": [
        78,
        31,
        296,
        368
      ]
    },
    {
      "img_id": 33,
      "aud_id": 33,
      "transform_matrix": [
        [
          0.9932761192321777,
          -0.06053702533245087,
          -0.09868064522743225,
          -0.09508144110441208
        ],
        [
          0.07452617585659027,
          0.9866384863853455,
          0.14488057792186737,
          0.14934876561164856
        ],
        [
          0.08859148621559143,
          -0.15126071870326996,
          0.9845160245895386,
          0.8886367082595825
        ],
        [
          0.0,
          0.0,
          0.0,
          1.0
        ]
      ],
      "face_rect": [
        73,
        28,
        302,
        374
      ]
    },
    {
      "img_id": 34,
      "aud_id": 34,
      "transform_matrix": [
        [
          0.9933561086654663,
          -0.058516111224889755,
          -0.09909321367740631,
          -0.09563280642032623
        ],
        [
          0.0723053440451622,
          0.9872456192970276,
          0.14183801412582397,
          0.14643801748752594
        ],
        [
          0.08952952921390533,
          -0.1480606347322464,
          0.9849175214767456,
          0.8901327848434448
        ],
        [
          0.0,
          0.0,
          0.0,
          1.0
        ]
      ],
      "face_rect": [
        74,
        26,
        300,
        376
      ]
    },
    {
      "img_id": 35,
      "aud_id": 35,
      "transform_matrix": [
        [
          0.9938052296638489,
          -0.05501141399145126,
          -0.09656546264886856,
          -0.09383935481309891
        ],
        [
          0.06778571009635925,
          0.9886016845703125,
          0.13443125784397125,
          0.13961490988731384
        ],
        [
          0.08806953579187393,
          -0.1401442438364029,
          0.9862064719200134,
          0.8929466605186462
        ],
        [
          0.0,
          0.0,
          0.0,
          1.0
        ]
      ],
      "face_rect": [
        77,
        26,
        296,
        376
      ]
    },
    {
      "img_id": 36,
      "aud_id": 36,
      "transform_matrix": [
        [
          0.9936403632164001,
          -0.06008429452776909,
          -0.09522910416126251,
          -0.09260520339012146
        ],
        [
          0.0709514319896698,
          0.990807831287384,
          0.1151771992444992,
          0.12214627116918564
        ],
        [
          0.08743339776992798,
          -0.12120136618614197,
          0.9887697100639343,
          0.8969987630844116
        ],
        [
          0.0,
          0.0,
          0.0,
          1.0
        ]
      ],
      "face_rect": [
        78,
        18,
        296,
        386
      ]
    },
    {
      "img_id": 37,
      "aud_id": 37,
      "transform_matrix": [
        [
          0.9939238429069519,
          -0.05766845494508743,
          -0.09375344961881638,
          -0.09130890667438507
        ],
        [
          0.06815475970506668,
          0.9912777543067932,
          0.11279773712158203,
          0.11939913034439087
        ],
        [
          0.08643084019422531,
          -0.11850210279226303,
          0.9891849756240845,
          0.8999127149581909
        ],
        [
          0.0,
          0.0,
          0.0,
          1.0
        ]
      ],
      "face_rect": [
        79,
        26,
        294,
        374
      ]
    },
    {
      "img_id": 38,
      "aud_id": 38,
      "transform_matrix": [
        [
          0.9942899942398071,
          -0.052037257701158524,
          -0.09316381067037582,
          -0.09103527665138245
        ],
        [
          0.061345040798187256,
          0.9930940270423889,
          0.10000527650117874,
          0.10582391172647476
        ],
        [
          0.08731642365455627,
          -0.10514938086271286,
          0.9906156659126282,
          0.9034261703491211
        ],
        [
          0.0,
          0.0,
          0.0,
          1.0
        ]
      ],
      "face_rect": [
        77,
        11,
        296,
        390
      ]
    },
    {
      "img_id": 39,
      "aud_id": 39,
      "transform_matrix": [
        [
          0.9948245882987976,
          -0.0440644808113575,
          -0.09155517816543579,
          -0.09003353863954544
        ],
        [
          0.05138242989778519,
          0.9955357313156128,
          0.07917338609695435,
          0.08474230021238327
        ],
        [
          0.08765772730112076,
          -0.08346796035766602,
          0.9926475882530212,
          0.9072896242141724
        ],
        [
          0.0,
          0.0,
          0.0,
          1.0
        ]
      ],
      "face_rect": [
        80,
        4,
        290,
        392
      ]
    },
    {
      "img_id": 40,
      "aud_id": 40,
      "transform_matrix": [
        [
          0.9953176379203796,
          -0.04307037219405174,
          -0.08653188496828079,
          -0.08531402051448822
        ],
        [
          0.04743540659546852,
          0.9976699352264404,
          0.04903724417090416,
          0.05512527748942375
        ],
        [
          0.08421819657087326,
          -0.052912309765815735,
          0.9950414896011353,
          0.9104714393615723
        ],
        [
          0.0,
          0.0,
          0.0,
          1.0
        ]
      ],
      "face_rect": [
        74,
        2,
        300,
        388
      ]
    },
    {
      "img_id": 41,
      "aud_id": 41,
      "transform_matrix": [
        [
          0.9955745339393616,
          -0.04803428053855896,
          -0.08077108860015869,
          -0.07963736355304718
        ],
        [
          0.050282176584005356,
          0.9983958005905151,
          0.02602955512702465,
          0.03217974677681923
        ],
        [
          0.07939120382070541,
          -0.029975710436701775,
          0.9963927268981934,
          0.9122874736785889
        ],
        [
          0.0,
          0.0,
          0.0,
          1.0
        ]
      ],
      "face_rect": [
        76,
        5,
        296,
        378
      ]
    },
    {
      "img_id": 42,
      "aud_id": 42,
      "transform_matrix": [
        [
          0.9955449104309082,
          -0.05357394367456436,
          -0.07758937776088715,
          -0.07662906497716904
        ],
        [
          0.05449114739894867,
          0.9984666109085083,
          0.009751226752996445,
          0.015350278466939926
        ],
        [
          0.07694799453020096,
          -0.013935718685388565,
          0.9969376921653748,
          0.9124785661697388
        ],
        [
          0.0,
          0.0,
          0.0,
          1.0
        ]
      ],
      "face_rect": [
        77,
        0,
        296,
        386
      ]
    },
    {
      "img_id": 43,
      "aud_id": 43,
      "transform_matrix": [
        [
          0.9954430460929871,
          -0.0542803592979908,
          -0.07840099930763245,
          -0.07805521786212921
        ],
        [
          0.053366128355264664,
          0.9984808564186096,
          -0.013711057603359222,
          -0.007352779619395733
        ],
        [
          0.07902614027261734,
          0.009464619681239128,
          0.9968276023864746,
          0.911323606967926
        ],
        [
          0.0,
          0.0,
          0.0,
          1.0
        ]
      ],
      "face_rect": [
        79,
        0,
        296,
        394
      ]
    },
    {
      "img_id": 44,
      "aud_id": 44,
      "transform_matrix": [
        [
          0.9950640797615051,
          -0.056345369666814804,
          -0.08168583363294601,
          -0.08148898929357529
        ],
        [
          0.053853314369916916,
          0.9980231523513794,
          -0.03239830583333969,
          -0.024973155930638313
        ],
        [
          0.08334984630346298,
          0.027839340269565582,
          0.996131420135498,
          0.9092404842376709
        ],
        [
          0.0,
          0.0,
          0.0,
          1.0
        ]
      ],
      "face_rect": [
        79,
        0,
        296,
        394
      ]
    },
    {
      "img_id": 45,
      "aud_id": 45,
      "transform_matrix": [
        [
          0.9951698184013367,
          -0.05249781534075737,
          -0.08295242488384247,
          -0.08309482783079147
        ],
        [
          0.04997082054615021,
          0.9982298016548157,
          -0.032252561300992966,
          -0.02525912970304489
        ],
        [
          0.08449877053499222,
          0.027951575815677643,
          0.9960315227508545,
          0.9085155129432678
        ],
        [
          0.0,
          0.0,
          0.0,
          1.0
        ]
      ],
      "face_rect": [
        80,
        0,
        296,
        386
      ]
    },
    {
      "img_id": 46,
      "aud_id": 46,
      "transform_matrix": [
        [
          0.9956188201904297,
          -0.046596650034189224,
          -0.08106766641139984,
          -0.08144679665565491
        ],
        [
          0.044478639960289,
          0.9986250996589661,
          -0.027739986777305603,
          -0.021836258471012115
        ],
        [
          0.08224880695343018,
          0.024012671783566475,
          0.996322512626648,
          0.9088263511657715
        ],
        [
          0.0,
          0.0,
          0.0,
          1.0
        ]
      ],
      "face_rect": [
        78,
        0,
        300,
        392
      ]
    },
    {
      "img_id": 47,
      "aud_id": 47,
      "transform_matrix": [
        [
          0.9960801601409912,
          -0.046807993203401566,
          -0.07505475729703903,
          -0.07539331912994385
        ],
        [
          0.04488784447312355,
          0.9986252188682556,
          -0.027070166543126106,
          -0.0223450418561697
        ],
        [
          0.07621867954730988,
          0.023595010861754417,
          0.9968119263648987,
          0.9097638726234436
        ],
        [
          0.0,
          0.0,
          0.0,
          1.0
        ]
      ],
      "face_rect": [
        78,
        0,
        300,
        402
      ]
    },
    {
      "img_id": 48,
      "aud_id": 48,
      "transform_matrix": [
        [
          0.9962931275367737,
          -0.04955994710326195,
          -0.07031182944774628,
          -0.07028809934854507
        ],
        [
          0.047860655933618546,
          0.9985246062278748,
          -0.025651177391409874,
          -0.022444400936365128
        ],
        [
          0.07147936522960663,
          0.022190921008586884,
          0.9971951842308044,
          0.9104114174842834
        ],
        [
          0.0,
          0.0,
          0.0,
          1.0
        ]
      ],
      "face_rect": [
        78,
        0,
        296,
        376
      ]
    },
    {
      "img_id": 49,
      "aud_id": 49,
      "transform_matrix": [
        [
          0.9965962171554565,
          -0.047590047121047974,
          -0.06731390208005905,
          -0.06718271970748901
        ],
        [
          0.04580260440707207,
          0.9985620379447937,
          -0.0278533473610878,
          -0.02560502663254738
        ],
        [
          0.06854266673326492,
          0.024675387889146805,
          0.9973429441452026,
          0.9102572202682495
        ],
        [
          0.0,
          0.0,
          0.0,
          1.0
        ]
      ],
      "face_rect": [
        79,
        0,
        294,
        368
      ]
    },
    {
      "img_id": 50,
      "aud_id": 50,
      "transform_matrix": [
        [
          0.9966527819633484,
          -0.045226216316223145,
          -0.06810209900140762,
          -0.06825817376375198
        ],
        [
          0.04279264807701111,
          0.9984067678451538,
          -0.03677932173013687,
          -0.03429912030696869
        ],
        [
          0.06965699046850204,
          0.033741943538188934,
          0.9970001578330994,
          0.9107487201690674
        ],
        [
          0.0,
          0.0,
          0.0,
          1.0
        ]
      ],
      "face_rect": [
        78,
        0,
        300,
        364
      ]
    },
    {
      "img_id": 51,
      "aud_id": 51,
      "transform_matrix": [
        [
          0.9965354204177856,
          -0.04228374734520912,
          -0.07161889225244522,
          -0.07193867117166519
        ],
        [
          0.03922601044178009,
          0.9982797503471375,
          -0.043576426804065704,
          -0.04070073738694191
        ],
        [
          0.07333826273679733,
          0.04061612859368324,
          0.9964796900749207,
          0.9114116430282593
        ],
        [
          0.0,
          0.0,
          0.0,
          1.0
        ]
      ],
      "face_rect": [
        80,
        0,
        294,
        368
      ]
    },
    {
      "img_id": 52,
      "aud_id": 52,
      "transform_matrix": [
        [
          0.9965119361877441,
          -0.04473547637462616,
          -0.07044724375009537,
          -0.07102954387664795
        ],
        [
          0.04116933047771454,
          0.9978351593017578,
          -0.05128520354628563,
          -0.04793349280953407
        ],
        [
          0.07258900254964828,
          0.04820604994893074,
          0.9961963295936584,
          0.9120880365371704
        ],
        [
          0.0,
          0.0,
          0.0,
          1.0
        ]
      ],
      "face_rect": [
        81,
        0,
        296,
        372
      ]
    },
    {
      "img_id": 53,
      "aud_id": 53,
      "transform_matrix": [
        [
          0.9963927865028381,
          -0.050132207572460175,
          -0.06846973299980164,
          -0.06875226646661758
        ],
        [
          0.04646603763103485,
          0.9974523186683655,
          -0.05412696301937103,
          -0.05085927993059158
        ],
        [
          0.07100880146026611,
          0.05075019970536232,
          0.9961838126182556,
          0.9123755097389221
        ],
        [
          0.0,
          0.0,
          0.0,
          1.0
        ]
      ],
      "face_rect": [
        78,
        0,
        300,
        372
      ]
    },
    {
      "img_id": 54,
      "aud_id": 54,
      "transform_matrix": [
        [
          0.996624231338501,
          -0.04593302682042122,
          -0.06804583221673965,
          -0.06829226762056351
        ],
        [
          0.042044442147016525,
          0.9974587559700012,
          -0.05751698464155197,
          -0.053919777274131775
        ],
        [
          0.07051485031843185,
          0.054461874067783356,
          0.9960228204727173,
          0.9116166234016418
        ],
        [
          0.0,
          0.0,
          0.0,
          1.0
        ]
      ],
      "face_rect": [
        80,
        0,
        294,
        384
      ]
    },
    {
      "img_id": 55,
      "aud_id": 55,
      "transform_matrix": [
        [
          0.996506929397583,
          -0.0476047582924366,
          -0.06861270219087601,
          -0.0683627501130104
        ],
        [
          0.0435614176094532,
          0.9972911477088928,
          -0.05926814302802086,
          -0.05536908283829689
        ],
        [
          0.07124828547239304,
          0.05607224628329277,
          0.9958812594413757,
          0.9103417992591858
        ],
        [
          0.0,
          0.0,
          0.0,
          1.0
        ]
      ],
      "face_rect": [
        76,
        0,
        300,
        388
      ]
    },
    {
      "img_id": 56,
      "aud_id": 56,
      "transform_matrix": [
        [
          0.996779203414917,
          -0.043575163930654526,
          -0.06732303649187088,
          -0.06679697334766388
        ],
        [
          0.039476487785577774,
          0.9973533153533936,
          -0.061056267470121384,
          -0.05692806467413902
        ],
        [
          0.06980539858341217,
          0.05820193886756897,
          0.995861291885376,
          0.9090091586112976
        ],
        [
          0.0,
          0.0,
          0.0,
          1.0
        ]
      ],
      "face_rect": [
        78,
        0,
        296,
        388
      ]
    },
    {
      "img_id": 57,
      "aud_id": 57,
      "transform_matrix": [
        [
          0.9973251223564148,
          -0.03761354461312294,
          -0.06267252564430237,
          -0.0620359368622303
        ],
        [
          0.03419001027941704,
          0.9979101419448853,
          -0.054830729961395264,
          -0.051568593829870224
        ],
        [
          0.06460393220186234,
          0.05254128947854042,
          0.996526837348938,
          0.9089986085891724
        ],
        [
          0.0,
          0.0,
          0.0,
          1.0
        ]
      ],
      "face_rect": [
        78,
        0,
        296,
        370
      ]
    },
    {
      "img_id": 58,
      "aud_id": 58,
      "transform_matrix": [
        [
          0.9975000023841858,
          -0.04157005622982979,
          -0.05714668333530426,
          -0.05565131828188896
        ],
        [
          0.03844581916928291,
          0.9977611303329468,
          -0.05472376197576523,
          -0.05179176107048988
        ],
        [
          0.059293605387210846,
          0.05238989740610123,
          0.996864914894104,
          0.9087800979614258
        ],
        [
          0.0,
          0.0,
          0.0,
          1.0
        ]
      ],
