{
  "focal_len": 1300.0,
  "cx": 256.0,
  "cy": 256.0,
  "frames": [
    {
      "img_id": 0,
      "aud_id": 0,
      "transform_matrix": [
        [
          0.9988880753517151,
          0.04652347043156624,
          0.007619173731654882,
          0.002115391893312335
        ],
        [
          -0.04674875736236572,
          0.9983716607093811,
          0.032689839601516724,
          0.019986432045698166
        ],
        [
          -0.006085922475904226,
          -0.03300968185067177,
          0.9994364976882935,
          0.76844322681427
        ],
        [
          0.0,
          0.0,
          0.0,
          1.0
        ]
      ],
      "face_rect": [
        92,
        0,
        332,
        424
      ]
    },
    {
      "img_id": 1,
      "aud_id": 1,
      "transform_matrix": [
        [
          0.9986667633056641,
          0.05143823102116585,
          0.004330344032496214,
          -0.00016902107745409012
        ],
        [
          -0.051569197326898575,
          0.9978913068771362,
          0.039414405822753906,
          0.0262665543705225
        ],
        [
          -0.002293805591762066,
          -0.0395851694047451,
          0.9992135763168335,
          0.7690497040748596
        ],
        [
          0.0,
          0.0,
          0.0,
          1.0
        ]
      ],
      "face_rect": [
        92,
        0,
        332,
        422
      ]
    },
    {
      "img_id": 2,
      "aud_id": 2,
      "transform_matrix": [
        [
          0.9984151721000671,
          0.056243088096380234,
          0.0019532584119588137,
          -0.0020831534639000893
        ],
        [
          -0.056275781244039536,
          0.9975639581680298,
          0.041221365332603455,
          0.02834642305970192
        ],
        [
          0.00036991699016653,
          -0.04126596078276634,
          0.9991481304168701,
          0.7696631550788879
        ],
        [
          0.0,
          0.0,
          0.0,
          1.0
        ]
      ],
      "face_rect": [
        92,
        0,
        332,
        422
      ]
    },
    {
      "img_id": 3,
      "aud_id": 3,
      "transform_matrix": [
        [
          0.9982253909111023,
          0.059464044868946075,
          0.0031758793629705906,
          -0.0008768406696617603
        ],
        [
          -0.05954745411872864,
          0.9971399903297424,
          0.046539150178432465,
          0.033324312418699265
        ],
        [
          -0.0003993901773355901,
          -0.04664567857980728,
          0.998911440372467,
          0.7700543403625488
        ],
        [
          0.0,
          0.0,
          0.0,
          1.0
        ]
      ],
      "face_rect": [
        92,
        0,
        332,
        416
      ]
    },
    {
      "img_id": 4,
      "aud_id": 4,
      "transform_matrix": [
        [
          0.9977139830589294,
          0.06725965440273285,
          0.006554239895194769,
          0.0021796782966703176
        ],
        [
          -0.06750577688217163,
          0.9964359998703003,
          0.050579097121953964,
          0.03705305978655815
        ],
        [
          -0.0031289479229599237,
          -0.050905920565128326,
          0.9986985325813293,
          0.7706273794174194
        ],
        [
          0.0,
          0.0,
          0.0,
          1.0
        ]
      ],
      "face_rect": [
        91,
        0,
        332,
        424
      ]
    },
    {
      "img_id": 5,
      "aud_id": 5,
      "transform_matrix": [
        [
          0.9969796538352966,
          0.07609102129936218,
          0.015546221286058426,
          0.009921586140990257
        ],
        [
          -0.07677773386240005,
          0.9958041310310364,
          0.04979332908987999,
          0.03663570061326027
        ],
        [
          -0.011692164465785027,
          -0.05083654075860977,
          0.9986385107040405,
          0.7714875936508179
        ],
        [
          0.0,
          0.0,
          0.0,
          1.0
        ]
      ],
      "face_rect": [
        91,
        0,
        332,
        424
      ]
    },
    {
      "img_id": 6,
      "aud_id": 6,
      "transform_matrix": [
        [
          0.9966320395469666,
          0.07657324522733688,
          0.029344938695430756,
          0.022542281076312065
        ],
        [
          -0.07787445187568665,
          0.9958961606025696,
          0.04611258581280708,
          0.03329360485076904
        ],
        [
          -0.02569352276623249,
          -0.04824250191450119,
          0.9985050559043884,
          0.7723945379257202
        ],
        [
          0.0,
          0.0,
          0.0,
          1.0
        ]
      ],
      "face_rect": [
        87,
        0,
        332,
        440
      ]
    },
    {
      "img_id": 7,
      "aud_id": 7,
      "transform_matrix": [
        [
          0.9969852566719055,
          0.06526783108711243,
          0.04195813089609146,
          0.03462782874703407
        ],
        [
          -0.06688959896564484,
          0.9970179200172424,
          0.038484975695610046,
          0.02694043144583702
        ],
        [
          -0.0393211729824543,
          -0.041175514459609985,
          0.9983779191970825,
          0.7730140089988708
        ],
        [
          0.0,
          0.0,
          0.0,
          1.0
        ]
      ],
      "face_rect": [
        85,
        0,
        332,
        440
      ]
    },
    {
      "img_id": 8,
      "aud_id": 8,
      "transform_matrix": [
        [
          0.9971494078636169,
          0.05600495636463165,
          0.050560567528009415,
          0.041913144290447235
        ],
        [
          -0.05747766047716141,
          0.9979496002197266,
          0.028158320114016533,
          0.01834772527217865
        ],
        [
          -0.04887989163398743,
          -0.03098415583372116,
          0.9983239769935608,
          0.7735607028007507
        ],
        [
          0.0,
          0.0,
          0.0,
          1.0
        ]
      ],
      "face_rect": [
        85,
        0,
        332,
        432
      ]
    },
    {
      "img_id": 9,
      "aud_id": 9,
      "transform_matrix": [
        [
          0.9977685809135437,
          0.050567805767059326,
          0.043596301227808,
          0.03555617853999138
        ],
        [
          -0.05121660605072975,
          0.998590886592865,
          0.013895081356167793,
          0.007096394896507263
        ],
        [
          -0.042832229286432266,
          -0.0160969328135252,
          0.9989525675773621,
          0.7737475633621216
        ],
        [
          0.0,
          0.0,
          0.0,
          1.0
        ]
      ],
      "face_rect": [
        91,
        0,
        332,
        424
      ]
    },
    {
      "img_id": 10,
      "aud_id": 10,
      "transform_matrix": [
        [
          0.9988144636154175,
          0.03695133328437805,
          0.03168985992670059,
          0.025310032069683075
        ],
        [
          -0.037045832723379135,
          0.9993106722831726,
          0.0023998680990189314,
          -0.002148387022316456
        ],
        [
          -0.031579338014125824,
          -0.0035710001830011606,
          0.9994948506355286,
          0.7738426327705383
        ],
        [
          0.0,
          0.0,
          0.0,
          1.0
        ]
      ],
      "face_rect": [
        91,
        0,
        332,
        426
      ]
    },
    {
      "img_id": 11,
      "aud_id": 11,
      "transform_matrix": [
        [
          0.9992554783821106,
          0.035654693841934204,
          0.014735023491084576,
          0.010342390276491642
        ],
        [
          -0.03583957999944687,
          0.9992796182632446,
          0.012479838915169239,
          0.0052583348006010056
        ],
        [
          -0.014279444701969624,
          -0.012998645193874836,
          0.9998134970664978,
          0.7740922570228577
        ],
        [
          0.0,
          0.0,
          0.0,
          1.0
        ]
      ],
      "face_rect": [
        87,
        0,
        338,
        422
      ]
    },
    {
      "img_id": 12,
      "aud_id": 12,
      "transform_matrix": [
        [
          0.9990885257720947,
          0.042331378906965256,
          0.005487513262778521,
          0.002130701206624508
        ],
        [
          -0.042452894151210785,
          0.998802125453949,
          0.02433346025645733,
          0.014567503705620766
        ],
        [
          -0.004450870677828789,
          -0.02454424276947975,
          0.9996888637542725,
          0.7733919024467468
        ],
        [
          0.0,
          0.0,
          0.0,
          1.0
        ]
      ],
      "face_rect": [
        89,
        0,
        338,
        424
      ]
    },
    {
      "img_id": 13,
      "aud_id": 13,
      "transform_matrix": [
        [
          0.9992372393608093,
          0.03755665943026543,
          0.010701172985136509,
          0.006967892870306969
        ],
        [
          -0.03787510097026825,
          0.998792290687561,
          0.03129647299647331,
          0.020799918100237846
        ],
        [
          -0.009512858465313911,
          -0.03167790547013283,
          0.9994528293609619,
          0.7721876502037048
        ],
        [
          0.0,
          0.0,
          0.0,
          1.0
        ]
      ],
      "face_rect": [
        88,
        0,
        338,
        416
      ]
    },
    {
      "img_id": 14,
      "aud_id": 14,
      "transform_matrix": [
        [
          0.9992746710777283,
          0.03095943294465542,
          0.022172415629029274,
          0.017818748950958252
        ],
        [
          -0.03179636970162392,
          0.9987547397613525,
          0.03844551742076874,
          0.027107009664177895
        ],
        [
          -0.02095455303788185,
          -0.03912263363599777,
          0.999014675617218,
          0.7711761593818665
        ],
        [
          0.0,
          0.0,
          0.0,
          1.0
        ]
      ],
      "face_rect": [
        85,
        0,
        336,
        430
      ]
    },
    {
      "img_id": 15,
      "aud_id": 15,
      "transform_matrix": [
        [
          0.9989755153656006,
          0.032266244292259216,
          0.031730830669403076,
          0.026300866156816483
        ],
        [
          -0.033652182668447495,
          0.9984575510025024,
          0.044159967452287674,
          0.03212333098053932
        ],
        [
          -0.030257010832428932,
          -0.04518254101276398,
          0.9985204339027405,
          0.7699118256568909
        ],
        [
          0.0,
          0.0,
          0.0,
          1.0
        ]
      ],
      "face_rect": [
        85,
        0,
        336,
        420
      ]
    },
    {
      "img_id": 16,
      "aud_id": 16,
      "transform_matrix": [
        [
          0.9991171360015869,
          0.020742643624544144,
          0.036534685641527176,
          0.03139602392911911
        ],
        [
          -0.022427137941122055,
          0.9986749887466431,
          0.0463169701397419,
          0.03422406315803528
        ],
        [
          -0.03552554175257683,
          -0.04709544777870178,
          0.9982584714889526,
          0.7688288688659668
        ],
        [
          0.0,
          0.0,
          0.0,
          1.0
        ]
      ],
      "face_rect": [
        86,
        0,
        332,
        424
      ]
    },
    {
      "img_id": 17,
      "aud_id": 17,
      "transform_matrix": [
        [
          0.9994072914123535,
          0.017828166484832764,
          0.029448548331856728,
          0.025829646736383438
        ],
        [
          -0.019230229780077934,
          0.9986605644226074,
          0.048034485429525375,
          0.03600392863154411
        ],
        [
          -0.028552737087011337,
          -0.04857231676578522,
          0.9984114766120911,
          0.7681829929351807
        ],
        [
          0.0,
          0.0,
          0.0,
          1.0
        ]
      ],
      "face_rect": [
        84,
        0,
        336,
        426
      ]
    },
    {
      "img_id": 18,
      "aud_id": 18,
      "transform_matrix": [
        [
          0.9995476007461548,
          0.027144428342580795,
          0.012948297895491123,
          0.011535227298736572
        ],
        [
          -0.027691315859556198,
          0.9986425638198853,
          0.04411454126238823,
          0.03330608829855919
        ],
        [
          -0.01173325814306736,
          -0.04445314034819603,
          0.9989425539970398,
          0.7679992318153381
        ],
        [
          0.0,
          0.0,
          0.0,
          1.0
        ]
      ],
      "face_rect": [
        87,
        2,
        332,
        416
      ]
    },
    {
      "img_id": 19,
      "aud_id": 19,
      "transform_matrix": [
        [
          0.9996113777160645,
          0.027872521430253983,
          0.0005145380273461342,
          0.001250922097824514
        ],
        [
          -0.02786814421415329,
          0.9986417293548584,
          0.04402316361665726,
          0.03299395740032196
        ],
        [
          0.0007131973397918046,
          -0.0440203920006752,
          0.9990304112434387,
          0.7676929831504822
        ],
        [
          0.0,
          0.0,
          0.0,
          1.0
        ]
      ],
      "face_rect": [
        85,
        0,
        336,
        426
      ]
    },
    {
      "img_id": 20,
      "aud_id": 20,
      "transform_matrix": [
        [
          0.9995955228805542,
          0.028030119836330414,
          -0.004809446632862091,
          -0.0028469522949308157
        ],
        [
          -0.027737000957131386,
          0.9982156157493591,
          0.052879784256219864,
          0.04011501371860504
        ],
        [
          0.00628309091553092,
          -0.05272499844431877,
          0.998589277267456,
          0.7669114470481873
        ],
        [
          0.0,
          0.0,
          0.0,
          1.0
        ]
      ],
      "face_rect": [
        85,
        0,
        336,
        426
      ]
    },
    {
      "img_id": 21,
      "aud_id": 21,
      "transform_matrix": [
        [
          0.9995072484016418,
          0.03129347786307335,
          0.0024369223974645138,
          0.0035004280507564545
        ],
        [
          -0.03138821944594383,
          0.9964742064476013,
          0.07780710607767105,
          0.061060067266225815
        ],
        [
          6.524724540213356e-06,
          -0.0778452605009079,
          0.9969654679298401,
          0.7655898928642273
        ],
        [
          0.0,
          0.0,
          0.0,
          1.0
        ]
      ],
      "face_rect": [
        84,
        1,
        332,
        424
      ]
    },
    {
      "img_id": 22,
      "aud_id": 22,
      "transform_matrix": [
        [
          0.9995123744010925,
          0.02547859586775303,
          0.018051616847515106,
          0.017721077427268028
        ],
        [
          -0.02732420153915882,
          0.9934771656990051,
          0.11070874333381653,
          0.089482381939888
        ],
        [
          -0.015113167464733124,
          -0.11114800721406937,
          0.9936889410018921,
          0.7631253004074097
        ],
        [
          0.0,
          0.0,
          0.0,
          1.0
        ]
      ],
      "face_rect": [
        83,
        6,
        332,
        430
      ]
    },
    {
      "img_id": 23,
      "aud_id": 23,
      "transform_matrix": [
        [
          0.999264657497406,
          0.01496790163218975,
          0.035300228744745255,
          0.033278632909059525
        ],
        [
          -0.01985139027237892,
          0.9896202683448792,
          0.14232923090457916,
          0.11678377538919449
        ],
        [
          -0.032803453505039215,
          -0.14292532205581665,
          0.9891897439956665,
          0.7598370909690857
        ],
        [
          0.0,
          0.0,
          0.0,
          1.0
        ]
      ],
      "face_rect": [
        80,
        11,
        336,
        434
      ]
    },
    {
      "img_id": 24,
      "aud_id": 24,
      "transform_matrix": [
        [
          0.9989094138145447,
          0.009777627885341644,
          0.045654863119125366,
          0.042285654693841934
        ],
        [
          -0.01727771759033203,
          0.9858222007751465,
          0.16690164804458618,
          0.13741782307624817
        ],
        [
          -0.04337567463517189,
          -0.16750843822956085,
          0.9849160313606262,
          0.7561306953430176
        ],
        [
          0.0,
          0.0,
          0.0,
          1.0
        ]
      ],
      "face_rect": [
        79,
        15,
        338,
        438
      ]
    },
    {
      "img_id": 25,
      "aud_id": 25,
      "transform_matrix": [
        [
          0.9988639950752258,
          0.008566638454794884,
          0.04687463864684105,
          0.0430966317653656
        ],
        [
          -0.0167227890342474,
          0.9841605424880981,
          0.1764887273311615,
          0.14500437676906586
        ],
        [
          -0.04462025687098503,
          -0.17707212269306183,
          0.983185887336731,
          0.7546748518943787
        ],
        [
          0.0,
          0.0,
          0.0,
          1.0
        ]
      ],
      "face_rect": [
        78,
        17,
        338,
        436
      ]
    },
    {
      "img_id": 26,
      "aud_id": 26,
      "transform_matrix": [
        [
          0.9992377161979675,
          0.014460663311183453,
          0.03626161813735962,
          0.03363920748233795
        ],
        [
          -0.020369775593280792,
          0.9855250120162964,
          0.16830193996429443,
          0.138518825173378
        ],
        [
          -0.033302973955869675,
          -0.16891229152679443,
          0.9850683212280273,
          0.7560818195343018
        ],
        [
          0.0,
          0.0,
          0.0,
          1.0
        ]
      ],
      "face_rect": [
        80,
        16,
        336,
        436
      ]
    },
    {
      "img_id": 27,
      "aud_id": 27,
      "transform_matrix": [
        [
          0.999575674533844,
          0.015067063271999359,
          0.024931231513619423,
          0.0234877597540617
        ],
        [
          -0.018653210252523422,
          0.9884316921234131,
          0.15051528811454773,
          0.12428509443998337
        ],
        [
          -0.022374995052814484,
          -0.1509164571762085,
          0.9882932901382446,
          0.7583536505699158
        ],
        [
          0.0,
          0.0,
          0.0,
          1.0
        ]
      ],
      "face_rect": [
        84,
        14,
        332,
        430
      ]
    },
    {
      "img_id": 28,
      "aud_id": 28,
      "transform_matrix": [
        [
          0.9996412992477417,
          0.01791468821465969,
          0.019911350682377815,
          0.018614904955029488
        ],
        [
          -0.020660310983657837,
          0.9888367056846619,
          0.14756377041339874,
          0.12165225297212601
        ],
        [
          -0.0170455165207386,
          -0.14792221784591675,
          0.9888521432876587,
          0.7585715055465698
        ],
        [
          0.0,
          0.0,
          0.0,
          1.0
        ]
      ],
      "face_rect": [
        81,
        21,
        336,
        418
      ]
    },
    {
      "img_id": 29,
      "aud_id": 29,
      "transform_matrix": [
        [
          0.9998498558998108,
          0.007758938707411289,
          0.015491645783185959,
          0.015461821109056473
        ],
        [
          -0.00989067368209362,
          0.989722728729248,
          0.14265693724155426,
          0.11833052337169647
        ],
        [
          -0.014225567691028118,
          -0.14278873801231384,
          0.9896509051322937,
          0.7591428160667419
        ],
        [
          0.0,
          0.0,
          0.0,
          1.0
        ]
      ],
      "face_rect": [
        86,
        22,
        330,
        420
      ]
    },
    {
      "img_id": 30,
      "aud_id": 30,
      "transform_matrix": [
        [
          0.9998367428779602,
          0.005449830554425716,
          0.01722746714949608,
          0.01705140992999077
        ],
        [
          -0.007853667251765728,
          0.9897335767745972,
          0.14270837604999542,
          0.11866258829832077
        ],
        [
          -0.01627286709845066,
          -0.14282038807868958,
          0.9896149039268494,
          0.7601299285888672
        ],
        [
          0.0,
          0.0,
          0.0,
          1.0
        ]
      ],
      "face_rect": [
        86,
        13,
        330,
        430
      ]
    },
    {
      "img_id": 31,
      "aud_id": 31,
      "transform_matrix": [
        [
          0.9997390508651733,
          0.007727072108536959,
          0.02149464748799801,
          0.020283015444874763
        ],
        [
          -0.010858859866857529,
          0.9886811971664429,
          0.14963796734809875,
          0.12407425045967102
        ],
        [
          -0.020095093175768852,
          -0.1498323231935501,
          0.9885071516036987,
          0.7606894969940186
        ],
        [
          0.0,
          0.0,
          0.0,
          1.0
        ]
      ],
      "face_rect": [
        85,
        13,
        332,
        434
      ]
    },
    {
      "img_id": 32,
      "aud_id": 32,
      "transform_matrix": [
        [
          0.9998418092727661,
          0.004700619727373123,
          0.017152441665530205,
          0.017046183347702026
        ],
        [
          -0.007109201047569513,
          0.9896700382232666,
          0.14318746328353882,
          0.11929836869239807
        ],
        [
          -0.016302188858389854,
          -0.14328674972057343,
          0.9895468950271606,
          0.7625427842140198
        ],
        [
          0.0,
          0.0,
          0.0,
          1.0
        ]
      ],
      "face_rect": [
        85,
        23,
        332,
        420
      ]
    },
    {
      "img_id": 33,
      "aud_id": 33,
      "transform_matrix": [
        [
          0.9997744560241699,
          0.013240008614957333,
          0.016604287549853325,
          0.016090238466858864
        ],
        [
          -0.015293492004275322,
          0.991348385810852,
          0.13036273419857025,
          0.10932302474975586
        ],
        [
          -0.014734631404280663,
          -0.13058727979660034,
          0.9913273453712463,
          0.7655563354492188
        ],
        [
          0.0,
          0.0,
          0.0,
          1.0
        ]
      ],
      "face_rect": [
        86,
        21,
        330,
        416
      ]
    },
    {
      "img_id": 34,
      "aud_id": 34,
      "transform_matrix": [
        [
          0.99978107213974,
          0.016792291775345802,
          0.01248302310705185,
          0.012337693944573402
        ],
        [
          -0.01820378191769123,
          0.9922109842300415,
          0.1232314258813858,
          0.10367567092180252
        ],
        [
          -0.010316455736756325,
          -0.12343167513608932,
          0.9922994375228882,
          0.7678744792938232
        ],
        [
          0.0,
          0.0,
          0.0,
          1.0
        ]
      ],
      "face_rect": [
        81,
        21,
        336,
        416
      ]
    },
    {
      "img_id": 35,
      "aud_id": 35,
      "transform_matrix": [
        [
          0.9997631907463074,
          0.018946951255202293,
          0.010701442137360573,
          0.010101285763084888
        ],
        [
          -0.020073935389518738,
          0.9928712844848633,
          0.1174888014793396,
          0.09898217767477036
        ],
        [
          -0.008399099111557007,
          -0.11767580360174179,
          0.9930165410041809,
          0.7701864242553711
        ],
        [
          0.0,
          0.0,
          0.0,
          1.0
        ]
      ],
      "face_rect": [
        84,
        22,
        338,
        410
      ]
    },
    {
      "img_id": 36,
      "aud_id": 36,
      "transform_matrix": [
        [
          0.9996874332427979,
          0.023126106709241867,
          0.009499846957623959,
          0.008511918596923351
        ],
        [
          -0.024097999557852745,
          0.9925128221511841,
          0.11973956972360611,
          0.10014470666646957
        ],
        [
          -0.006659609731286764,
          -0.11993107199668884,
          0.9927598834037781,
          0.7718076705932617
        ],
        [
          0.0,
          0.0,
          0.0,
          1.0
        ]
      ],
      "face_rect": [
        86,
        20,
        332,
        412
      ]
    },
    {
      "img_id": 37,
      "aud_id": 37,
      "transform_matrix": [
        [
          0.9996181130409241,
          0.02539423294365406,
          0.010895519517362118,
          0.009175868704915047
        ],
        [
          -0.026546239852905273,
          0.991994321346283,
          0.1234607920050621,
          0.10277703404426575
        ],
        [
          -0.007673101034015417,
          -0.12370288372039795,
          0.992289662361145,
          0.772773802280426
        ],
        [
          0.0,
          0.0,
          0.0,
          1.0
        ]
      ],
      "face_rect": [
        88,
        18,
        330,
        416
      ]
    },
    {
      "img_id": 38,
      "aud_id": 38,
      "transform_matrix": [
        [
          0.9997518658638,
          0.01842328906059265,
          0.012519602663815022,
          0.010537497699260712
        ],
        [
          -0.019882837310433388,
          0.9914813041687012,
          0.1287226378917694,
          0.10622917115688324
        ],
        [
          -0.01004145760089159,
          -0.12893962860107422,
          0.9916015863418579,
          0.7732967138290405
        ],
        [
          0.0,
          0.0,
          0.0,
          1.0
        ]
      ],
      "face_rect": [
        88,
        11,
        330,
        424
      ]
    },
    {
      "img_id": 39,
      "aud_id": 39,
      "transform_matrix": [
        [
          0.9997804760932922,
          0.014534705318510532,
          0.015091526322066784,
          0.012721080332994461
        ],
        [
          -0.016343694180250168,
          0.9916862845420837,
          0.12763714790344238,
          0.10472290217876434
        ],
        [
          -0.013110890053212643,
          -0.12785576283931732,
          0.991706132888794,
          0.7739971280097961
        ],
        [
          0.0,
          0.0,
          0.0,
          1.0
        ]
      ],
      "face_rect": [
        88,
        11,
        330,
        424
      ]
    },
    {
      "img_id": 40,
      "aud_id": 40,
      "transform_matrix": [
        [
          0.9998406171798706,
          0.010504737496376038,
          0.014438259415328503,
          0.012340294197201729
        ],
        [
          -0.012329040095210075,
          0.9910786747932434,
          0.13270661234855652,
          0.10782851278781891
        ],
        [
          -0.012915403582155704,
          -0.13286346197128296,
          0.9910501837730408,
          0.7748152613639832
        ],
        [
          0.0,
          0.0,
          0.0,
          1.0
        ]
      ],
      "face_rect": [
        91,
        10,
        326,
        422
      ]
    },
    {
      "img_id": 41,
      "aud_id": 41,
      "transform_matrix": [
        [
          0.9998927116394043,
          0.007368799764662981,
          0.01265920139849186,
          0.010641803964972496
        ],
        [
          -0.008897967636585236,
          0.9920748472213745,
          0.12533271312713623,
          0.10099612176418304
        ],
        [
          -0.01163532305508852,
          -0.12543189525604248,
          0.9920339584350586,
          0.7763451337814331
        ],
        [
          0.0,
          0.0,
          0.0,
          1.0
        ]
      ],
      "face_rect": [
        92,
        8,
        326,
        422
      ]
    },
    {
      "img_id": 42,
      "aud_id": 42,
      "transform_matrix": [
        [
          0.9998980760574341,
          0.006288283970206976,
          0.01281579490751028,
          0.010531135834753513
        ],
        [
          -0.007803605869412422,
          0.9925181269645691,
          0.12184768170118332,
          0.09679941833019257
        ],
        [
          -0.011953696608543396,
          -0.12193527817726135,
          0.9924660325050354,
          0.7778634428977966
        ],
        [
          0.0,
          0.0,
          0.0,
          1.0
        ]
      ],
      "face_rect": [
        93,
        5,
        326,
        422
      ]
    },
    {
      "img_id": 43,
      "aud_id": 43,
      "transform_matrix": [
        [
          0.9999018907546997,
          0.007303940132260323,
          0.011953391134738922,
          0.009451313875615597
        ],
        [
          -0.008651664480566978,
          0.993107259273529,
          0.11688893288373947,
          0.0915132611989975
        ],
        [
          -0.011017250828444958,
          -0.11698088049888611,
          0.993073046207428,
          0.7797115445137024
        ],
        [
          0.0,
          0.0,
          0.0,
          1.0
        ]
      ],
      "face_rect": [
        89,
        5,
        330,
        416
      ]
    },
    {
      "img_id": 44,
      "aud_id": 44,
      "transform_matrix": [
        [
          0.9998982548713684,
          0.00528067396953702,
          0.013253549113869667,
          0.010401751846075058
        ],
        [
          -0.006642327643930912,
          0.994461178779602,
          0.10489463061094284,
          0.08130718767642975
        ],
        [
          -0.012626225128769875,
          -0.1049719899892807,
          0.9943950176239014,
          0.7822015285491943
        ],
        [
          0.0,
          0.0,
          0.0,
          1.0
        ]
      ],
      "face_rect": [
        89,
        4,
        330,
        418
      ]
    },
    {
      "img_id": 45,
      "aud_id": 45,
      "transform_matrix": [
        [
          0.9999363422393799,
          0.0014188358327373862,
          0.011191543191671371,
          0.008814622648060322
        ],
        [
          -0.0023855564650148153,
          0.9962189197540283,
          0.08684536069631577,
          0.06611493229866028
        ],
        [
          -0.011026008054614067,
          -0.08686652779579163,
          0.9961589574813843,
          0.7857872843742371
        ],
        [
          0.0,
          0.0,
          0.0,
          1.0
        ]
      ],
      "face_rect": [
        96,
        3,
        324,
        412
      ]
    },
    {
      "img_id": 46,
      "aud_id": 46,
      "transform_matrix": [
        [
          0.9999693632125854,
          0.004415531642735004,
          0.006470901425927877,
          0.004771641455590725
        ],
        [
          -0.00482741417363286,
          0.9978681802749634,
          0.06508326530456543,
          0.047347668558359146
        ],
        [
          -0.006169728934764862,
          -0.06511250883340836,
          0.9978588819503784,
          0.7892881035804749
        ],
        [
          0.0,
          0.0,
          0.0,
          1.0
        ]
      ],
      "face_rect": [
        93,
        0,
        326,
        416
      ]
    },
    {
      "img_id": 47,
      "aud_id": 47,
      "transform_matrix": [
        [
          0.999836266040802,
          0.018016818910837173,
          -0.0017062139231711626,
          -0.003024732694029808
        ],
        [
          -0.017913667485117912,
          0.9986768364906311,
          0.04820437729358673,
          0.03151934593915939
        ],
        [
          0.0025724461302161217,
          -0.04816592112183571,
          0.9988360404968262,
          0.7923178672790527
        ],
        [
          0.0,
          0.0,
          0.0,
          1.0
        ]
      ],
      "face_rect": [
        92,
        0,
        330,
        420
      ]
    },
    {
      "img_id": 48,
      "aud_id": 48,
      "transform_matrix": [
        [
          0.9994373321533203,
          0.03145761042833328,
          -0.011639591306447983,
          -0.012239599600434303
        ],
        [
          -0.03103475272655487,
          0.9989094138145447,
          0.034882158041000366,
          0.018889643251895905
        ],
        [
          0.012724206782877445,
          -0.034501295536756516,
          0.9993236660957336,
          0.796280026435852
        ],
        [
          0.0,
          0.0,
          0.0,
          1.0
        ]
      ],
      "face_rect": [
        94,
        0,
        324,
        420
      ]
    },
    {
      "img_id": 49,
      "aud_id": 49,
      "transform_matrix": [
        [
          0.9991461038589478,
          0.036700695753097534,
          -0.018976928666234016,
          -0.018725937232375145
        ],
        [
          -0.036015503108501434,
          0.9987286925315857,
          0.03526848182082176,
          0.01818056032061577
        ],
        [
          0.02024718001484871,
          -0.03455490246415138,
          0.9991976618766785,
          0.7996523380279541
        ],
        [
          0.0,
          0.0,
          0.0,
          1.0
        ]
      ],
      "face_rect": [
        95,
        0,
        324,
        422
      ]
    },
    {
      "img_id": 50,
      "aud_id": 50,
      "transform_matrix": [
        [
          0.9989874362945557,
          0.044861774891614914,
          0.0033856285735964775,
          0.0009015349205583334
        ],
        [
          -0.04489649087190628,
          0.9989311695098877,
          0.010989506728947163,
          -0.0027203354984521866
        ],
        [
          -0.002889001276344061,
          -0.011130382306873798,
          0.9999338984489441,
          0.8010491132736206
        ],
        [
          0.0,
          0.0,
          0.0,
          1.0
        ]
      ],
      "face_rect": [
        93,
        0,
        324,
        410
      ]
    },
    {
      "img_id": 51,
      "aud_id": 51,
      "transform_matrix": [
        [
          0.9985419511795044,
          0.042333777993917465,
          0.0334942489862442,
          0.028263330459594727
        ],
        [
          -0.04165623337030411,
          0.9989181160926819,
          -0.02067459374666214,
          -0.02967839688062668
        ],
        [
          -0.0343332439661026,
          0.01924920454621315,
          0.9992250800132751,
          0.7999588847160339
        ],
        [
          0.0,
          0.0,
          0.0,
          1.0
        ]
      ],
      "face_rect": [
        87,
        0,
        330,
        396
      ]
    },
    {
      "img_id": 52,
      "aud_id": 52,
      "transform_matrix": [
        [
          0.997675359249115,
          0.037445344030857086,
          0.05693643540143967,
          0.04974985867738724
        ],
        [
          -0.03528797626495361,
          0.9986377954483032,
          -0.038435738533735275,
          -0.04560544714331627
        ],
        [
          -0.05829811841249466,
          0.03633721545338631,
          0.9976376891136169,
          0.7980872988700867
        ],
        [
          0.0,
          0.0,
          0.0,
          1.0
        ]
      ],
      "face_rect": [
        89,
        0,
        324,
        396
      ]
    },
    {
      "img_id": 53,
      "aud_id": 53,
      "transform_matrix": [
        [
          0.9967269897460938,
          0.04310876876115799,
          0.0683881863951683,
          0.05952797457575798
        ],
        [
          -0.039568785578012466,
          0.9978471994400024,
          -0.05229981616139412,
          -0.05791275203227997
        ],
        [
          -0.07049553841352463,
          0.049422599375247955,
          0.9962869882583618,
          0.7959649562835693
        ],
        [
          0.0,
          0.0,
          0.0,
          1.0
        ]
      ],
      "face_rect": [
        90,
        0,
        326,
        392
      ]
    },
    {
      "img_id": 54,
      "aud_id": 54,
      "transform_matrix": [
        [
          0.9968795776367188,
          0.04240472987294197,
          0.06658031046390533,
          0.057849954813718796
        ],
        [
          -0.038889579474925995,
          0.9978245496749878,
          -0.05323280021548271,
          -0.05931519716978073
        ],
        [
          -0.06869279593229294,
          0.05047741159796715,
          0.9963600635528564,
          0.7959527969360352
        ],
        [
          0.0,
          0.0,
          0.0,
          1.0
        ]
      ],
      "face_rect": [
        90,
        0,
        326,
        392
      ]
    },
    {
      "img_id": 55,
      "aud_id": 55,
      "transform_matrix": [
        [
          0.9976086020469666,
          0.041623618453741074,
          0.0551767572760582,
          0.04782705381512642
        ],
        [
          -0.039143215864896774,
          0.998206377029419,
          -0.045297130942344666,
          -0.053393103182315826
        ],
        [
          -0.05696322023868561,
          0.04302901402115822,
          0.9974485635757446,
          0.79755038022995
        ],
        [
          0.0,
          0.0,
          0.0,
          1.0
        ]
      ],
      "face_rect": [
        87,
        0,
        326,
        392
      ]
    },
    {
      "img_id": 56,
      "aud_id": 56,
      "transform_matrix": [
        [
          0.998266875743866,
          0.04500971734523773,
          0.03791140764951706,
          0.03249816969037056
        ],
        [
          -0.04393548145890236,
          0.9986218214035034,
          -0.028707724064588547,
          -0.0401003435254097
        ],
        [
          -0.03915128484368324,
          0.026992317289114,
          0.9988687038421631,
          0.8000266551971436
        ],
        [
          0.0,
          0.0,
          0.0,
          1.0
        ]
      ],
      "face_rect": [
        92,
        0,
        320,
        402
      ]
    },
    {
      "img_id": 57,
      "aud_id": 57,
      "transform_matrix": [
        [
          0.9985573291778564,
          0.04821402207016945,
          0.02363552153110504,
          0.019799521192908287
        ],
        [
          -0.047320954501628876,
          0.9981945753097534,
          -0.03699040785431862,
          -0.04594627767801285
        ],
        [
          -0.025376304984092712,
          0.035818591713905334,
          0.9990360140800476,
          0.799353301525116
        ],
        [
          0.0,
          0.0,
          0.0,
          1.0
        ]
      ],
      "face_rect": [
        88,
        0,
        326,
        416
      ]
    },
    {
      "img_id": 58,
      "aud_id": 58,
      "transform_matrix": [
        [
          0.9986472725868225,
          0.049351274967193604,
          0.01637358032166958,
          0.013609630987048149
        ],
        [
          -0.04876282811164856,
          0.998211681842804,
          -0.03457730636000633,
          -0.04330866038799286
        ],
        [
          -0.01805073209106922,
          0.03373211249709129,
