{
  "focal_len": 1100.0,
  "cx": 225.0,
  "cy": 225.0,
  "frames": [
    {
      "img_id": 0,
      "aud_id": 0,
      "transform_matrix": [
        [
          0.9991768002510071,
          -0.031418778002262115,
          -0.025664102286100388,
          -0.026361601427197456
        ],
        [
          0.0318690687417984,
          0.9993418455123901,
          0.01732911542057991,
          0.01416628248989582
        ],
        [
          0.025102751329541206,
          -0.018132738769054413,
          0.9995204210281372,
          0.7719582915306091
        ],
        [
          0.0,
          0.0,
          0.0,
          1.0
        ]
      ],
      "face_rect": [
        83,
        0,
        296,
        386
      ]
    },
    {
      "img_id": 1,
      "aud_id": 1,
      "transform_matrix": [
        [
          0.9980273246765137,
          -0.040267523378133774,
          -0.0481659360229969,
          -0.046484991908073425
        ],
        [
          0.041134465485811234,
          0.9990065097808838,
          0.017144905403256416,
          0.014229720458388329
        ],
        [
          0.0474277026951313,
          -0.019092364236712456,
          0.9986921548843384,
          0.7716630697250366
        ],
        [
          0.0,
          0.0,
          0.0,
          1.0
        ]
      ],
      "face_rect": [
        86,
        0,
        296,
        386
      ]
    },
    {
      "img_id": 2,
      "aud_id": 2,
      "transform_matrix": [
        [
          0.9969939589500427,
          -0.038106951862573624,
          -0.06746000796556473,
          -0.06442943215370178
        ],
        [
          0.03920728340744972,
          0.9991175532341003,
          0.015062305144965649,
          0.012512978166341782
        ],
        [
          0.06682649999856949,
          -0.01766195148229599,
          0.9976082444190979,
          0.7706992030143738
        ],
        [
          0.0,
          0.0,
          0.0,
          1.0
        ]
      ],
      "face_rect": [
        88,
        0,
        296,
        386
      ]
    },
    {
      "img_id": 3,
      "aud_id": 3,
      "transform_matrix": [
        [
          0.9961646795272827,
          -0.03841201961040497,
          -0.07861577719449997,
          -0.07511244714260101
        ],
        [
          0.03939615562558174,
          0.999163031578064,
          0.011005239561200142,
          0.008809181861579418
        ],
        [
          0.07812725007534027,
          -0.014060190878808498,
          0.9968442320823669,
          0.7698299884796143
        ],
        [
          0.0,
          0.0,
          0.0,
          1.0
        ]
      ],
      "face_rect": [
        88,
        0,
        300,
        384
      ]
    },
    {
      "img_id": 4,
      "aud_id": 4,
      "transform_matrix": [
        [
          0.9962790608406067,
          -0.03928600624203682,
          -0.07671136409044266,
          -0.07413091510534286
        ],
        [
          0.04002847895026207,
          0.9991652369499207,
          0.008164702914655209,
          0.006140162702649832
        ],
        [
          0.07632656395435333,
          -0.011204961687326431,
          0.9970199465751648,
          0.7700985074043274
        ],
        [
          0.0,
          0.0,
          0.0,
          1.0
        ]
      ],
      "face_rect": [
        89,
        0,
        300,
        384
      ]
    },
    {
      "img_id": 5,
      "aud_id": 5,
      "transform_matrix": [
        [
          0.9967352747917175,
          -0.04118989035487175,
          -0.06944240629673004,
          -0.0679243803024292
        ],
        [
          0.041285883635282516,
          0.999147355556488,
          -5.292752757668495e-05,
          -0.000700387405231595
        ],
        [
          0.06938537955284119,
          -0.0028142365626990795,
          0.9975859522819519,
          0.7704920768737793
        ],
        [
          0.0,
          0.0,
          0.0,
          1.0
        ]
      ],
      "face_rect": [
        89,
        0,
        300,
        380
      ]
    },
    {
      "img_id": 6,
      "aud_id": 6,
      "transform_matrix": [
        [
          0.9975916147232056,
          -0.04410645738244057,
          -0.053530674427747726,
          -0.053751617670059204
        ],
        [
          0.04364648088812828,
          0.9989995956420898,
          -0.009732212871313095,
          -0.008399809710681438
        ],
        [
          0.05390637740492821,
          0.007372349034994841,
          0.9985188245773315,
          0.771113395690918
        ],
        [
          0.0,
          0.0,
          0.0,
          1.0
        ]
      ],
      "face_rect": [
        87,
        0,
        300,
        380
      ]
    },
    {
      "img_id": 7,
      "aud_id": 7,
      "transform_matrix": [
        [
          0.998367428779602,
          -0.04632744938135147,
          -0.03341040387749672,
          -0.035928793251514435
        ],
        [
          0.04597703740000725,
          0.9988799691200256,
          -0.011181660927832127,
          -0.010079719126224518
        ],
        [
          0.033890996128320694,
          0.009627293795347214,
          0.9993791580200195,
          0.7719728946685791
        ],
        [
          0.0,
          0.0,
          0.0,
          1.0
        ]
      ],
      "face_rect": [
        89,
        0,
        294,
        380
      ]
    },
    {
      "img_id": 8,
      "aud_id": 8,
      "transform_matrix": [
        [
          0.9987074732780457,
          -0.04818488657474518,
          -0.016176262870430946,
          -0.020350381731987
        ],
        [
          0.04792588949203491,
          0.99872225522995,
          -0.01603403314948082,
          -0.014279144816100597
        ],
        [
          0.016928190365433693,
          0.015238046646118164,
          0.9997406005859375,
          0.7719897627830505
        ],
        [
          0.0,
          0.0,
          0.0,
          1.0
        ]
      ],
      "face_rect": [
        86,
        0,
        294,
        374
      ]
    },
    {
      "img_id": 9,
      "aud_id": 9,
      "transform_matrix": [
        [
          0.9989506006240845,
          -0.04511913284659386,
          -0.007874459028244019,
          -0.012607697397470474
        ],
        [
          0.045013681054115295,
          0.9989005923271179,
          -0.013090995140373707,
          -0.012072119861841202
        ],
        [
          0.008456455543637276,
          0.012722798623144627,
          0.9998832941055298,
          0.7720316052436829
        ],
        [
          0.0,
          0.0,
          0.0,
          1.0
        ]
      ],
      "face_rect": [
        84,
        0,
        296,
        386
      ]
    },
    {
      "img_id": 10,
      "aud_id": 10,
      "transform_matrix": [
        [
          0.9991308450698853,
          -0.03999178111553192,
          -0.011754976585507393,
          -0.015833549201488495
        ],
        [
          0.039796989411115646,
          0.99907386302948,
          -0.01636246219277382,
          -0.014387848787009716
        ],
        [
          0.012398453429341316,
          0.01588042825460434,
          0.999796986579895,
          0.7715754508972168
        ],
        [
          0.0,
          0.0,
          0.0,
          1.0
        ]
      ],
      "face_rect": [
        83,
        0,
        300,
        380
      ]
    },
    {
      "img_id": 11,
      "aud_id": 11,
      "transform_matrix": [
        [
          0.9991279244422913,
          -0.037080056965351105,
          -0.01919558085501194,
          -0.022460665553808212
        ],
        [
          0.03683299571275711,
          0.999235987663269,
          -0.01306834165006876,
          -0.011666704900562763
        ],
        [
          0.019665490835905075,
          0.012349914759397507,
          0.9997303485870361,
          0.771240234375
        ],
        [
          0.0,
          0.0,
          0.0,
          1.0
        ]
      ],
      "face_rect": [
        84,
        0,
        300,
        392
      ]
    },
    {
      "img_id": 12,
      "aud_id": 12,
      "transform_matrix": [
        [
          0.9991146326065063,
          -0.030239352956414223,
          -0.029247716069221497,
          -0.03152167797088623
        ],
        [
          0.030195707455277443,
          0.9995421171188354,
          -0.0019328941125422716,
          -0.0030403179116547108
        ],
        [
          0.029292771592736244,
          0.001048027304932475,
          0.9995703101158142,
          0.7713074088096619
        ],
        [
          0.0,
          0.0,
          0.0,
          1.0
        ]
      ],
      "face_rect": [
        87,
        0,
        296,
        376
      ]
    },
    {
      "img_id": 13,
      "aud_id": 13,
      "transform_matrix": [
        [
          0.9989903569221497,
          -0.02944844961166382,
          -0.033928290009498596,
          -0.03539879620075226
        ],
        [
          0.029210267588496208,
          0.9995452165603638,
          -0.0074947066605091095,
          -0.007476047147065401
        ],
        [
          0.03413356468081474,
          0.006496085319668055,
          0.9993962049484253,
          0.7704540491104126
        ],
        [
          0.0,
          0.0,
          0.0,
          1.0
        ]
      ],
      "face_rect": [
        87,
        0,
        296,
        386
      ]
    },
    {
      "img_id": 14,
      "aud_id": 14,
      "transform_matrix": [
        [
          0.9989927411079407,
          -0.029083866626024246,
          -0.03416998311877251,
          -0.03511306643486023
        ],
        [
          0.028792697936296463,
          0.9995450377464294,
          -0.008982637897133827,
          -0.00885061826556921
        ],
        [
          0.03441568836569786,
          0.00798974372446537,
          0.9993756413459778,
          0.7701485753059387
        ],
        [
          0.0,
          0.0,
          0.0,
          1.0
        ]
      ],
      "face_rect": [
        85,
        0,
        294,
        388
      ]
    },
    {
      "img_id": 15,
      "aud_id": 15,
      "transform_matrix": [
        [
          0.9990341067314148,
          -0.0360180139541626,
          -0.025170519948005676,
          -0.026436030864715576
        ],
        [
          0.03566516935825348,
          0.9992610812187195,
          -0.014329366385936737,
          -0.012982356362044811
        ],
        [
          0.025668034330010414,
          0.013417813926935196,
          0.999580442905426,
          0.769594132900238
        ],
        [
          0.0,
          0.0,
          0.0,
          1.0
        ]
      ],
      "face_rect": [
        84,
        0,
        294,
        386
      ]
    },
    {
      "img_id": 16,
      "aud_id": 16,
      "transform_matrix": [
        [
          0.9990906715393066,
          -0.03956407308578491,
          -0.015891795977950096,
          -0.01794758252799511
        ],
        [
          0.03933446854352951,
          0.9991207122802734,
          -0.01450993400067091,
          -0.013111553154885769
        ],
        [
          0.016451895236968994,
          0.01387164369225502,
          0.9997683763504028,
          0.7695960998535156
        ],
        [
          0.0,
          0.0,
          0.0,
          1.0
        ]
      ],
      "face_rect": [
        83,
        0,
        294,
        378
      ]
    },
    {
      "img_id": 17,
      "aud_id": 17,
      "transform_matrix": [
        [
          0.9991684556007385,
          -0.03945965692400932,
          -0.010265416465699673,
          -0.013064134865999222
        ],
        [
          0.03932631388306618,
          0.9991433620452881,
          -0.012882333248853683,
          -0.01176474615931511
        ],
        [
          0.010764955542981625,
          0.01246791984885931,
          0.9998643398284912,
          0.7696837186813354
        ],
        [
          0.0,
          0.0,
          0.0,
          1.0
        ]
      ],
      "face_rect": [
        84,
        0,
        296,
        370
      ]
    },
    {
      "img_id": 18,
      "aud_id": 18,
      "transform_matrix": [
        [
          0.9990859627723694,
          -0.04102030396461487,
          -0.01202156487852335,
          -0.014282956719398499
        ],
        [
          0.04092826694250107,
          0.9991315603256226,
          -0.007804307620972395,
          -0.00773834902793169
        ],
        [
          0.012331260368227959,
          0.007305152714252472,
          0.9998972415924072,
          0.7691166996955872
        ],
        [
          0.0,
          0.0,
          0.0,
          1.0
        ]
      ],
      "face_rect": [
        81,
        0,
        300,
        404
      ]
    },
    {
      "img_id": 19,
      "aud_id": 19,
      "transform_matrix": [
        [
          0.9992333054542542,
          -0.03491075336933136,
          -0.01772426627576351,
          -0.019755445420742035
        ],
        [
          0.03493473678827286,
          0.9993890523910522,
          0.0010451204143464565,
          -0.0009998532477766275
        ],
        [
          0.017676951363682747,
          -0.0016635115025565028,
          0.9998424053192139,
          0.7693623900413513
        ],
        [
          0.0,
          0.0,
          0.0,
          1.0
        ]
      ],
      "face_rect": [
        84,
        0,
        296,
        402
      ]
    },
    {
      "img_id": 20,
      "aud_id": 20,
      "transform_matrix": [
        [
          0.9992743730545044,
          -0.030971089377999306,
          -0.022169288247823715,
          -0.023867830634117126
        ],
        [
          0.03099869191646576,
          0.9995189905166626,
          0.0009024314931593835,
          -0.001175771583802998
        ],
        [
          0.022130677476525307,
          -0.0015889956848695874,
          0.9997538328170776,
          0.7696886658668518
        ],
        [
          0.0,
          0.0,
          0.0,
          1.0
        ]
      ],
      "face_rect": [
        85,
        0,
        294,
        400
      ]
    },
    {
      "img_id": 21,
      "aud_id": 21,
      "transform_matrix": [
        [
          0.9992693662643433,
          -0.03328447416424751,
          -0.01878497377038002,
          -0.020983338356018066
        ],
        [
          0.03319798782467842,
          0.9994367957115173,
          -0.0048971460200846195,
          -0.005988240707665682
        ],
        [
          0.01893739402294159,
          0.004269944503903389,
          0.9998115301132202,
          0.7693172097206116
        ],
        [
          0.0,
          0.0,
          0.0,
          1.0
        ]
      ],
      "face_rect": [
        85,
        0,
        294,
        400
      ]
    },
    {
      "img_id": 22,
      "aud_id": 22,
      "transform_matrix": [
        [
          0.9993781447410583,
          -0.03378625959157944,
          -0.010092866607010365,
          -0.01355479285120964
        ],
        [
          0.0336790569126606,
          0.9993763566017151,
          -0.01060913223773241,
          -0.010691404342651367
        ],
        [
          0.010445015504956245,
          0.010262615978717804,
          0.9998927712440491,
          0.768531084060669
        ],
        [
          0.0,
          0.0,
          0.0,
          1.0
        ]
      ],
      "face_rect": [
        82,
        0,
        300,
        388
      ]
    },
    {
      "img_id": 23,
      "aud_id": 23,
      "transform_matrix": [
        [
          0.9991701245307922,
          -0.04043937847018242,
          0.004875544458627701,
          -7.385062053799629e-05
        ],
        [
          0.04050411656498909,
          0.9990812540054321,
          -0.014003166928887367,
          -0.013702052645385265
        ],
        [
          -0.004304785281419754,
          0.01418902538716793,
          0.9998900890350342,
          0.7677779197692871
        ],
        [
          0.0,
          0.0,
          0.0,
          1.0
        ]
      ],
      "face_rect": [
        80,
        0,
        300,
        388
      ]
    },
    {
      "img_id": 24,
      "aud_id": 24,
      "transform_matrix": [
        [
          0.9988710880279541,
          -0.044097900390625,
          0.017659854143857956,
          0.011321448720991611
        ],
        [
          0.044418781995773315,
          0.9988470077514648,
          -0.018209854140877724,
          -0.016819192096590996
        ],
        [
          -0.01683647558093071,
          0.01897372677922249,
          0.9996781945228577,
          0.7669117450714111
        ],
        [
          0.0,
          0.0,
          0.0,
          1.0
        ]
      ],
      "face_rect": [
        81,
        0,
        296,
        380
      ]
    },
    {
      "img_id": 25,
      "aud_id": 25,
      "transform_matrix": [
        [
          0.9986429810523987,
          -0.04589071124792099,
          0.0246196947991848,
          0.01749904826283455
        ],
        [
          0.04629894718527794,
          0.9987949728965759,
          -0.01627602055668831,
          -0.014848386868834496
        ],
        [
          -0.023843111470341682,
          0.017393801361322403,
          0.9995643496513367,
          0.7661710977554321
        ],
        [
          0.0,
          0.0,
          0.0,
          1.0
        ]
      ],
      "face_rect": [
        78,
        0,
        300,
        384
      ]
    },
    {
      "img_id": 26,
      "aud_id": 26,
      "transform_matrix": [
        [
          0.9987795948982239,
          -0.042659860104322433,
          0.02488967403769493,
          0.01746789924800396
        ],
        [
          0.04285748675465584,
          0.9990533590316772,
          -0.007461131550371647,
          -0.007422681897878647
        ],
        [
          -0.024547820910811424,
          0.008518734946846962,
          0.9996623396873474,
          0.765766978263855
        ],
        [
          0.0,
          0.0,
          0.0,
          1.0
        ]
      ],
      "face_rect": [
        77,
        0,
        302,
        386
      ]
    },
    {
      "img_id": 27,
      "aud_id": 27,
      "transform_matrix": [
        [
          0.9987727999687195,
          -0.044948603957891464,
          0.020797938108444214,
          0.013670780695974827
        ],
        [
          0.04493897408246994,
          0.9989892840385437,
          0.0009304072591476142,
          0.0003847423940896988
        ],
        [
          -0.020818738266825676,
          5.372547093429603e-06,
          0.9997832775115967,
          0.7654886841773987
        ],
        [
          0.0,
          0.0,
          0.0,
          1.0
        ]
      ],
      "face_rect": [
        82,
        0,
        296,
        392
      ]
    },
    {
      "img_id": 28,
      "aud_id": 28,
      "transform_matrix": [
        [
          0.9991571307182312,
          -0.03962269797921181,
          0.01073062140494585,
          0.004242568276822567
        ],
        [
          0.03949568048119545,
          0.9991500973701477,
          0.011800688691437244,
          0.00982518307864666
        ],
        [
          -0.011189076118171215,
          -0.011366928927600384,
          0.9998728036880493,
          0.7661015391349792
        ],
        [
          0.0,
          0.0,
          0.0,
          1.0
        ]
      ],
      "face_rect": [
        81,
        0,
        300,
        390
      ]
    },
    {
      "img_id": 29,
      "aud_id": 29,
      "transform_matrix": [
        [
          0.9990999102592468,
          -0.04241710901260376,
          0.000450930034276098,
          -0.004712328314781189
        ],
        [
          0.042403679341077805,
          0.9989609718322754,
          0.016699394211173058,
          0.014115938916802406
        ],
        [
          -0.0011588014895096421,
          -0.01666524074971676,
          0.9998604655265808,
          0.7668423652648926
        ],
        [
          0.0,
          0.0,
          0.0,
          1.0
        ]
      ],
      "face_rect": [
        83,
        0,
        296,
        396
      ]
    },
    {
      "img_id": 30,
      "aud_id": 30,
      "transform_matrix": [
        [
          0.9991389513015747,
          -0.0408782921731472,
          -0.007093842141330242,
          -0.011518683284521103
        ],
        [
          0.04103274270892143,
          0.9988884925842285,
          0.023196548223495483,
          0.018998054787516594
        ],
        [
          0.006137722171843052,
          -0.0234676543623209,
          0.9997057318687439,
          0.7678167819976807
        ],
        [
          0.0,
          0.0,
          0.0,
          1.0
        ]
      ],
      "face_rect": [
        86,
        0,
        294,
        406
      ]
    },
    {
      "img_id": 31,
      "aud_id": 31,
      "transform_matrix": [
        [
          0.999056339263916,
          -0.04224545881152153,
          -0.010088344104588032,
          -0.013956895098090172
        ],
        [
          0.042587000876665115,
          0.9984273910522461,
          0.03645706549286842,
          0.028559375554323196
        ],
        [
          0.008532333187758923,
          -0.03685229644179344,
          0.9992842674255371,
          0.7695848941802979
        ],
        [
          0.0,
          0.0,
          0.0,
          1.0
        ]
      ],
      "face_rect": [
        86,
        0,
        294,
        404
      ]
    },
    {
      "img_id": 32,
      "aud_id": 32,
      "transform_matrix": [
        [
          0.999133825302124,
          -0.04049208387732506,
          -0.009584963321685791,
          -0.013347952626645565
        ],
        [
          0.04079821705818176,
          0.9985801577568054,
          0.03425019606947899,
          0.026202350854873657
        ],
        [
          0.008184492588043213,
          -0.03461158275604248,
          0.9993672966957092,
          0.770758330821991
        ],
        [
          0.0,
          0.0,
          0.0,
          1.0
        ]
      ],
      "face_rect": [
        84,
        0,
        296,
        392
      ]
    },
    {
      "img_id": 33,
      "aud_id": 33,
      "transform_matrix": [
        [
          0.9992457032203674,
          -0.038606345653533936,
          -0.004180726129561663,
          -0.008834432810544968
        ],
        [
          0.038686323910951614,
          0.9990280270576477,
          0.021125931292772293,
          0.015172033570706844
        ],
        [
          0.003361067734658718,
          -0.021271735429763794,
          0.999768078327179,
          0.77179354429245
        ],
        [
          0.0,
          0.0,
          0.0,
          1.0
        ]
      ],
      "face_rect": [
        84,
        0,
        296,
        378
      ]
    },
    {
      "img_id": 34,
      "aud_id": 34,
      "transform_matrix": [
        [
          0.9993411898612976,
          -0.03614034503698349,
          0.0033375369384884834,
          -0.002416070317849517
        ],
        [
          0.0361124724149704,
          0.9993152022361755,
          0.00806513149291277,
          0.004877141676843166
        ],
        [
          -0.0036267279647290707,
          -0.007939290255308151,
          0.9999619126319885,
          0.771796464920044
        ],
        [
          0.0,
          0.0,
          0.0,
          1.0
        ]
      ],
      "face_rect": [
        84,
        0,
        296,
        378
      ]
    },
    {
      "img_id": 35,
      "aud_id": 35,
      "transform_matrix": [
        [
          0.9990593791007996,
          -0.04165567085146904,
          0.012048066593706608,
          0.005830004811286926
        ],
        [
          0.04162663593888283,
          0.9991297125816345,
          0.002650798298418522,
          0.0007771938107907772
        ],
        [
          -0.012148002162575722,
          -0.00214678468182683,
          0.9999238848686218,
          0.7714370489120483
        ],
        [
          0.0,
          0.0,
          0.0,
          1.0
        ]
      ],
      "face_rect": [
        83,
        0,
        296,
        376
      ]
    },
    {
      "img_id": 36,
      "aud_id": 36,
      "transform_matrix": [
        [
          0.9988856315612793,
          -0.04419601336121559,
          0.016555387526750565,
          0.010273721069097519
        ],
        [
          0.04413353279232979,
          0.9990171194076538,
          0.004120551981031895,
          0.0016345451585948467
        ],
        [
          -0.016721228137612343,
          -0.003385312855243683,
          0.9998544454574585,
          0.7711787819862366
        ],
        [
          0.0,
          0.0,
          0.0,
          1.0
        ]
      ],
      "face_rect": [
        82,
        0,
        296,
        388
      ]
    },
    {
      "img_id": 37,
      "aud_id": 37,
      "transform_matrix": [
        [
          0.998912513256073,
          -0.04305446147918701,
          0.01788894459605217,
          0.01188608817756176
        ],
        [
          0.04308038949966431,
          0.9990710616111755,
          -0.0010664702858775854,
          -0.002822906244546175
        ],
        [
          -0.01782641001045704,
          0.0018359733512625098,
          0.9998394250869751,
          0.7703642249107361
        ],
        [
          0.0,
          0.0,
          0.0,
          1.0
        ]
      ],
      "face_rect": [
        82,
        0,
        296,
        388
      ]
    },
    {
      "img_id": 38,
      "aud_id": 38,
      "transform_matrix": [
        [
          0.9993279576301575,
          -0.032837387174367905,
          0.016288572922348976,
          0.010168319568037987
        ],
        [
          0.0329405702650547,
          0.9994386434555054,
          -0.006107226945459843,
          -0.007301196455955505
        ],
        [
          -0.016078883782029152,
          0.006639677565544844,
          0.9998486638069153,
          0.7698639631271362
        ],
        [
          0.0,
          0.0,
          0.0,
          1.0
        ]
      ],
      "face_rect": [
        79,
        0,
        300,
        378
      ]
    },
    {
      "img_id": 39,
      "aud_id": 39,
      "transform_matrix": [
        [
          0.999572217464447,
          -0.02494853548705578,
          0.015265493653714657,
          0.00907647144049406
        ],
        [
          0.025171462446451187,
          0.9995766878128052,
          -0.014589744620025158,
          -0.014366528019309044
        ],
        [
          -0.014895039610564709,
          0.014967757277190685,
          0.9997770190238953,
          0.7693567872047424
        ],
        [
          0.0,
          0.0,
          0.0,
          1.0
        ]
      ],
      "face_rect": [
        82,
        0,
        296,
        380
      ]
    },
    {
      "img_id": 40,
      "aud_id": 40,
      "transform_matrix": [
        [
          0.9995651245117188,
          -0.022860519587993622,
          0.018628757447004318,
          0.011983562260866165
        ],
        [
          0.0232204869389534,
          0.9995432496070862,
          -0.01934158429503441,
          -0.01833520084619522
        ],
        [
          -0.018178090453147888,
          0.019765742123126984,
          0.9996393918991089,
          0.7691528797149658
        ],
        [
          0.0,
          0.0,
          0.0,
          1.0
        ]
      ],
      "face_rect": [
        81,
        0,
        296,
        378
      ]
    },
    {
      "img_id": 41,
      "aud_id": 41,
      "transform_matrix": [
        [
          0.999480128288269,
          -0.021814918145537376,
          0.023738954216241837,
          0.016517100855708122
        ],
        [
          0.022315623238682747,
          0.9995296597480774,
          -0.02103568986058235,
          -0.020089764147996902
        ],
        [
          -0.023268895223736763,
          0.021554503589868546,
          0.9994968175888062,
          0.7691448330879211
        ],
        [
          0.0,
          0.0,
          0.0,
          1.0
        ]
      ],
      "face_rect": [
        78,
        0,
        300,
        388
      ]
    },
    {
      "img_id": 42,
      "aud_id": 42,
      "transform_matrix": [
        [
          0.9991939067840576,
          -0.02562575787305832,
          0.030900854617357254,
          0.022860543802380562
        ],
        [
          0.02630344219505787,
          0.9994178414344788,
          -0.02172751910984516,
          -0.021144676953554153
        ],
        [
          -0.030326081439852715,
          0.022522803395986557,
          0.9992862343788147,
          0.7695599794387817
        ],
        [
          0.0,
          0.0,
          0.0,
          1.0
        ]
      ],
      "face_rect": [
        80,
        0,
        296,
        378
      ]
    },
    {
      "img_id": 43,
      "aud_id": 43,
      "transform_matrix": [
        [
          0.9992014765739441,
          -0.02314520627260208,
          0.032568953931331635,
          0.023971645161509514
        ],
        [
          0.02387308143079281,
          0.9994698166847229,
          -0.022140169516205788,
          -0.02203264646232128
        ],
        [
          -0.03203924372792244,
          0.022900009527802467,
          0.9992242455482483,
          0.7705148458480835
        ],
        [
          0.0,
          0.0,
          0.0,
          1.0
        ]
      ],
      "face_rect": [
        80,
        0,
        300,
        368
      ]
    },
    {
      "img_id": 44,
      "aud_id": 44,
      "transform_matrix": [
        [
          0.9993187189102173,
          -0.021225711330771446,
          0.030191026628017426,
          0.02155832201242447
        ],
        [
          0.02196313627064228,
          0.9994632005691528,
          -0.024307098239660263,
          -0.024171339347958565
        ],
        [
          -0.029658887535333633,
          0.024953629821538925,
          0.9992485046386719,
          0.7712752819061279
        ],
        [
          0.0,
          0.0,
          0.0,
          1.0
        ]
      ],
      "face_rect": [
        80,
        0,
        300,
        364
      ]
    },
    {
      "img_id": 45,
      "aud_id": 45,
      "transform_matrix": [
        [
          0.9994117617607117,
          -0.022732116281986237,
          0.025676889345049858,
          0.017532534897327423
        ],
        [
          0.023450328037142754,
          0.999332070350647,
          -0.02802521549165249,
          -0.027304816991090775
        ],
        [
          -0.02502266876399517,
          0.02861086279153824,
          0.9992773532867432,
          0.7715519666671753
        ],
        [
          0.0,
          0.0,
          0.0,
          1.0
        ]
      ],
      "face_rect": [
        83,
        0,
        294,
        368
      ]
    },
    {
      "img_id": 46,
      "aud_id": 46,
      "transform_matrix": [
        [
          0.999554455280304,
          -0.023292692378163338,
          0.01866542547941208,
          0.011485031805932522
        ],
        [
          0.02380848117172718,
          0.9993270635604858,
          -0.02790490910410881,
          -0.027180101722478867
        ],
        [
          -0.018002880737185478,
          0.028336869552731514,
          0.9994363188743591,
          0.7718204259872437
        ],
        [
          0.0,
          0.0,
          0.0,
          1.0
        ]
      ],
      "face_rect": [
        83,
        0,
        294,
        376
      ]
    },
    {
      "img_id": 47,
      "aud_id": 47,
      "transform_matrix": [
        [
          0.9996657967567444,
          -0.02241623029112816,
          0.01287754438817501,
          0.0063560958951711655
        ],
        [
          0.022711317986249924,
          0.9994717836380005,
          -0.02324483171105385,
          -0.023512449115514755
        ],
        [
          -0.012349680997431278,
          0.023529529571533203,
          0.9996468424797058,
          0.7721513509750366
        ],
        [
          0.0,
          0.0,
          0.0,
          1.0
        ]
      ],
      "face_rect": [
        82,
        0,
        296,
        376
      ]
    },
    {
      "img_id": 48,
      "aud_id": 48,
      "transform_matrix": [
        [
          0.9997020959854126,
          -0.023379456251859665,
          0.007008259650319815,
          0.001298427116125822
        ],
        [
          0.023567553609609604,
          0.9993278384208679,
          -0.028080184012651443,
          -0.026981724426150322
        ],
        [
          -0.006347049493342638,
          0.028236987069249153,
          0.9995810985565186,
          0.7715908885002136
        ],
        [
          0.0,
          0.0,
          0.0,
          1.0
        ]
      ],
      "face_rect": [
        83,
        0,
        296,
        388
      ]
    },
    {
      "img_id": 49,
      "aud_id": 49,
      "transform_matrix": [
        [
          0.9996294975280762,
          -0.027155781164765358,
          0.0018479712307453156,
          -0.002882992848753929
        ],
        [
          0.027202727273106575,
          0.9990591406822205,
          -0.033775608986616135,
          -0.03105144575238228
        ],
        [
          -0.0009290296584367752,
          0.033813364803791046,
          0.9994277358055115,
          0.7706285715103149
        ],
        [
          0.0,
          0.0,
          0.0,
          1.0
        ]
      ],
      "face_rect": [
        83,
        0,
        296,
        388
      ]
    },
    {
      "img_id": 50,
      "aud_id": 50,
      "transform_matrix": [
        [
          0.9996101260185242,
          -0.027504120022058487,
          0.004797026049345732,
          -0.0004335097037255764
        ],
        [
          0.027684221044182777,
          0.9987029433250427,
          -0.042731110006570816,
          -0.037806954234838486
        ],
        [
          -0.003615522524341941,
          0.04284725710749626,
          0.9990750551223755,
          0.7691242694854736
        ],
        [
          0.0,
          0.0,
          0.0,
          1.0
        ]
      ],
      "face_rect": [
        82,
        0,
        294,
        388
      ]
    },
    {
      "img_id": 51,
      "aud_id": 51,
      "transform_matrix": [
        [
          0.9995737671852112,
          -0.026778854429721832,
          0.011625290848314762,
          0.00539935240522027
        ],
        [
          0.027369827032089233,
          0.9981622695922852,
          -0.05406486988067627,
          -0.04664937034249306
        ],
        [
          -0.010156131349503994,
          0.05436001345515251,
          0.9984697699546814,
          0.7666678428649902
        ],
        [
          0.0,
          0.0,
          0.0,
          1.0
        ]
      ],
      "face_rect": [
        81,
        0,
        300,
        390
      ]
    },
    {
      "img_id": 52,
      "aud_id": 52,
      "transform_matrix": [
        [
          0.9993670582771301,
          -0.030206266790628433,
          0.018788477405905724,
          0.011961064301431179
        ],
        [
          0.031177816912531853,
          0.9980666041374207,
          -0.0537680946290493,
          -0.047133900225162506
        ],
        [
          -0.01712801866233349,
          0.054319851100444794,
          0.998376727104187,
          0.7663517594337463
        ],
        [
          0.0,
          0.0,
          0.0,
          1.0
        ]
      ],
      "face_rect": [
        79,
        0,
        300,
        380
      ]
    },
    {
      "img_id": 53,
      "aud_id": 53,
      "transform_matrix": [
        [
          0.9992485046386719,
          -0.030017880722880363,
          0.02452109567821026,
          0.01693810522556305
        ],
        [
          0.03116936981678009,
          0.9983603954315186,
          -0.0480111800134182,
          -0.04366565868258476
        ],
        [
          -0.023039694875478745,
          0.04873940721154213,
          0.9985457062721252,
          0.7667873501777649
        ],
        [
          0.0,
          0.0,
          0.0,
          1.0
        ]
      ],
      "face_rect": [
        81,
        0,
        296,
        394
      ]
    },
    {
      "img_id": 54,
      "aud_id": 54,
      "transform_matrix": [
        [
          0.9993857741355896,
          -0.025275137275457382,
          0.02427552454173565,
          0.01681225188076496
        ],
        [
          0.026367265731096268,
          0.9986037015914917,
          -0.04577543959021568,
          -0.042897991836071014
        ],
        [
          -0.023084647953510284,
          0.04638740420341492,
          0.9986567497253418,
          0.7684465646743774
        ],
        [
          0.0,
          0.0,
          0.0,
          1.0
        ]
      ],
      "face_rect": [
        80,
        0,
        296,
        384
      ]
    },
    {
      "img_id": 55,
      "aud_id": 55,
      "transform_matrix": [
        [
          0.9995849132537842,
          -0.021967021748423576,
          0.018640819936990738,
          0.012091115117073059
        ],
        [
          0.02294554002583027,
          0.9982765316963196,
          -0.054013293236494064,
          -0.04962967336177826
        ],
        [
          -0.017422184348106384,
          0.054418597370386124,
          0.9983662366867065,
          0.7696234583854675
        ],
        [
          0.0,
          0.0,
          0.0,
          1.0
        ]
      ],
      "face_rect": [
        80,
        0,
        296,
        376
      ]
    },
    {
      "img_id": 56,
      "aud_id": 56,
      "transform_matrix": [
        [
          0.9998399615287781,
          -0.015089196152985096,
          0.009608106687664986,
          0.004199345596134663
        ],
        [
          0.015570511110126972,
          0.9985170960426331,
          -0.05216419696807861,
          -0.04902459308505058
        ],
        [
          -0.0088067427277565,
          0.052305448800325394,
          0.9985922574996948,
          0.7720991969108582
        ],
        [
          0.0,
          0.0,
          0.0,
          1.0
        ]
      ],
      "face_rect": [
        83,
        0,
        294,
        374
      ]
    },
    {
      "img_id": 57,
      "aud_id": 57,
      "transform_matrix": [
        [
          0.9999265670776367,
          -0.012099619954824448,
          -0.0006513732951134443,
          -0.004494042601436377
        ],
        [
          0.012043737806379795,
          0.9983402490615845,
          -0.056317977607250214,
          -0.0523291639983654
        ],
        [
          0.0013317184057086706,
          0.05630599334836006,
          0.9984126687049866,
          0.7735025882720947
        ],
        [
          0.0,
          0.0,
          0.0,
          1.0
        ]
      ],
      "face_rect": [
        83,
        0,
        294,
        368
      ]
    },
    {
      "img_id": 58,
      "aud_id": 58,
      "transform_matrix": [
        [
          0.9999381303787231,
          -0.010586540214717388,
          -0.0034306610468775034,
          -0.007039268501102924
        ],
        [
          0.010417520068585873,
          0.9988862872123718,
          -0.04601883888244629,
